23 0.36484375 0.3046875 0.009375 0.00625
8 0.3078125 0.43515625 0.00859375 0.00625
14 0.315625 0.47890625 0.009375 0.00625
6 0.3828125 0.4828125 0.009375 0.00625
17 0.271875 0.55234375 0.00859375 0.00625
1 0.3203125 0.5625 0.009375 0.00625
12 0.30703125 0.60546875 0.00859375 0.00625
3 0.35703125 0.63515625 0.00859375 0.00625
9 0.384375 0.71015625 0.009375 0.00625
19 0.68125 0.46796875 0.009375 0.00625
16 0.6203125 0.48671875 0.00859375 0.00625
20 0.64765625 0.5828125 0.009375 0.00625
15 0.3546875 0.6921875 0.009375 0.00625
10 0.33046875 0.64765625 0.009375 0.00625
2 0.29296875 0.57109375 0.009375 0.00625
0 0.3296875 0.58125 0.009375 0.00625
18 0.2921875 0.5203125 0.00859375 0.00625
7 0.35859375 0.4359375 0.009375 0.00625
22 0.32890625 0.46328125 0.0234375 0.00546875
4 0.3296875 0.46953125 0.0234375 0.00546875
11 0.346875 0.49296875 0.0234375 0.00703125
13 0.33984375 0.48046875 0.009375 0.00625
24 0.29375 0.5578125 0.009375 0.00625
21 0.3140625 0.58046875 0.00859375 0.00625