23 0.396875 0.26328125 0.00859375 0.0140625
8 0.38828125 0.4296875 0.0078125 0.0109375
14 0.39453125 0.484375 0.0078125 0.01328125
6 0.4765625 0.496875 0.00703125 0.01171875
17 0.36640625 0.60078125 0.00859375 0.0109375
1 0.41328125 0.615625 0.0078125 0.01015625
12 0.390625 0.66328125 0.00859375 0.0125
3 0.44375 0.715625 0.00703125 0.01328125
9 0.434375 0.83828125 0.00625 0.009375
19 0.68046875 0.45 0.00859375 0.0140625
16 0.64765625 0.46640625 0.0078125 0.01328125
20 0.653125 0.60703125 0.0078125 0.0125
15 0.39609375 0.7984375 0.00625 0.00859375
10 0.4 0.7375 0.00703125 0.01015625
2 0.3796875 0.62578125 0.00703125 0.009375
0 0.41875 0.6375 0.00703125 0.01015625
18 0.38203125 0.55 0.00703125 0.01171875
7 0.46015625 0.434375 0.00703125 0.01171875
4 0.43203125 0.478125 0.0234375 0.0078125
11 0.43671875 0.50625 0.01796875 0.009375
13 0.4390625 0.49375 0.009375 0.0125
24 0.3890625 0.61015625 0.00703125 0.009375
21 0.39453125 0.63515625 0.00703125 0.01015625
22 0.4328125 0.4578125 0.0234375 0.009375