23 0.7171875 0.2078125 0.009375 0.00703125
8 0.79453125 0.34453125 0.009375 0.00703125
14 0.79296875 0.3796875 0.009375 0.00703125
6 0.68359375 0.39921875 0.009375 0.00703125
17 0.853125 0.45625 0.009375 0.00703125
21 0.809375 0.4875 0.009375 0.00703125
1 0.78515625 0.4703125 0.009375 0.00703125
12 0.8171875 0.50703125 0.009375 0.00703125
3 0.75390625 0.55234375 0.009375 0.00703125
9 0.75078125 0.6265625 0.009375 0.00703125
19 0.33359375 0.40546875 0.009375 0.00703125
16 0.3921875 0.4171875 0.009375 0.00703125
20 0.428125 0.54140625 0.009375 0.00703125
2 0.8453125 0.47265625 0.009375 0.00703125
24 0.82734375 0.46796875 0.009375 0.00703125
10 0.803125 0.56015625 0.009375 0.00703125
15 0.78828125 0.60703125 0.009375 0.00703125
22 0.7484375 0.36953125 0.03125 0.00546875
4 0.75703125 0.37890625 0.03125 0.0046875
11 0.7390625 0.40234375 0.02578125 0.00546875
13 0.75 0.38828125 0.009375 0.00703125
7 0.64921875 0.3609375 0.009375 0.00703125
18 0.81875 0.41796875 0.009375 0.00703125
0 0.77890625 0.490625 0.009375 0.00703125