23 0.59140625 0.16953125 0.0046875 0.00625
8 0.60546875 0.32265625 0.00390625 0.00546875
14 0.6015625 0.36796875 0.0046875 0.00625
6 0.56640625 0.3703125 0.0046875 0.00703125
4 0.58984375 0.3546875 0.00859375 0.00546875
11 0.584375 0.384375 0.009375 0.00625
13 0.5875 0.365625 0.003125 0.0046875
17 0.63515625 0.4515625 0.00390625 0.00625
24 0.61796875 0.45859375 0.00390625 0.00546875
1 0.6078125 0.4703125 0.00390625 0.00546875
0 0.60234375 0.4875 0.0046875 0.00625
21 0.609375 0.484375 0.00390625 0.00546875
12 0.6140625 0.52578125 0.0046875 0.00625
3 0.5828125 0.5578125 0.00390625 0.00546875
10 0.6046875 0.575 0.00390625 0.00546875
15 0.59921875 0.62734375 0.0046875 0.0078125
9 0.58203125 0.659375 0.0046875 0.00703125
16 0.4265625 0.3671875 0.0046875 0.0078125
19 0.403125 0.33828125 0.00546875 0.00703125
20 0.42265625 0.51640625 0.00546875 0.00703125
7 0.55546875 0.32109375 0.0046875 0.00703125
2 0.621875 0.4765625 0.00390625 0.00625
22 0.5890625 0.33984375 0.00859375 0.00546875