23 0.7875 0.24453125 0.009375 0.00703125
8 0.8203125 0.35625 0.009375 0.00703125
14 0.81953125 0.38828125 0.009375 0.00703125
6 0.7546875 0.4109375 0.009375 0.00703125
17 0.86953125 0.4703125 0.009375 0.00703125
21 0.8296875 0.4921875 0.009375 0.00703125
1 0.81953125 0.48203125 0.009375 0.00703125
12 0.84296875 0.51953125 0.009375 0.00703125
3 0.7859375 0.54921875 0.009375 0.00703125
9 0.75703125 0.62578125 0.009375 0.00703125
19 0.46875 0.4109375 0.009375 0.00703125
16 0.52109375 0.428125 0.009375 0.00703125
20 0.48359375 0.51875 0.009375 0.00703125
2 0.84921875 0.48671875 0.009375 0.00703125
24 0.8484375 0.478125 0.009375 0.00703125
10 0.83046875 0.5640625 0.009375 0.00703125
15 0.79140625 0.61015625 0.009375 0.00703125
11 0.78359375 0.41953125 0.0265625 0.00546875
13 0.78671875 0.40703125 0.009375 0.00703125
7 0.74140625 0.36484375 0.01015625 0.00703125
18 0.8421875 0.43671875 0.009375 0.00703125
0 0.8140625 0.49609375 0.009375 0.00703125
4 0.78984375 0.39921875 0.03203125 0.0046875
22 0.79140625 0.39140625 0.03203125 0.0046875