23 0.3640625 0.16953125 0.00390625 0.00703125
8 0.34296875 0.3609375 0.0046875 0.00625
14 0.346875 0.409375 0.00546875 0.00859375
6 0.3796875 0.41171875 0.00546875 0.00703125
4 0.35625 0.39453125 0.009375 0.00703125
11 0.3625 0.43046875 0.0109375 0.00703125
13 0.36015625 0.4078125 0.00546875 0.0078125
17 0.3078125 0.509375 0.00546875 0.009375
24 0.328125 0.51796875 0.00546875 0.0078125
1 0.33828125 0.5296875 0.00546875 0.00859375
0 0.34453125 0.553125 0.00625 0.00859375
12 0.33359375 0.5984375 0.00625 0.00859375
3 0.36953125 0.6328125 0.00625 0.009375
10 0.34375 0.65625 0.00625 0.00859375
21 0.33828125 0.55078125 0.00546875 0.0078125
15 0.34921875 0.71953125 0.00546875 0.0078125
9 0.371875 0.75546875 0.00546875 0.00703125
20 0.54765625 0.5875 0.0046875 0.00703125
16 0.54453125 0.39921875 0.00546875 0.0078125
19 0.57109375 0.37265625 0.0046875 0.00625
2 0.32265625 0.5390625 0.00625 0.00859375
22 0.36015625 0.38125 0.0140625 0.00703125
7 0.415625 0.359375 0.0046875 0.00703125