23 0.29140625 0.221875 0.009375 0.00625
8 0.225 0.34453125 0.00859375 0.00625
14 0.221875 0.3859375 0.009375 0.00625
6 0.33046875 0.390625 0.009375 0.00625
17 0.16484375 0.44921875 0.00859375 0.00625
1 0.240625 0.47109375 0.009375 0.00625
12 0.20390625 0.515625 0.00859375 0.00625
3 0.27890625 0.54921875 0.00859375 0.00625
9 0.2921875 0.63515625 0.009375 0.00625
19 0.63984375 0.38984375 0.00859375 0.00625
16 0.59375 0.403125 0.00859375 0.00625
20 0.5796875 0.50859375 0.00859375 0.00625
15 0.25 0.6171875 0.0078125 0.00546875
10 0.221875 0.571875 0.009375 0.00625
2 0.1703125 0.47109375 0.009375 0.00625
0 0.23515625 0.4875 0.009375 0.00625
18 0.19921875 0.41171875 0.00859375 0.00625
7 0.37265625 0.35625 0.009375 0.00625
22 0.2828125 0.365625 0.0234375 0.00546875
4 0.28359375 0.378125 0.0234375 0.00546875
11 0.28828125 0.39921875 0.0171875 0.0046875
13 0.28671875 0.38828125 0.009375 0.00625
24 0.19765625 0.4640625 0.009375 0.00625
21 0.2078125 0.48515625 0.00859375 0.00625