23 0.79375 0.25546875 0.0171875 0.01171875
8 0.82265625 0.3671875 0.0171875 0.01171875
6 0.75 0.40859375 0.01640625 0.01171875
14 0.82265625 0.3828125 0.01640625 0.01171875
1 0.821875 0.50390625 0.0140625 0.01015625
24 0.853125 0.50078125 0.01484375 0.00859375
17 0.884375 0.49609375 0.01484375 0.0125
21 0.8265625 0.5265625 0.0140625 0.00859375
0 0.803125 0.52109375 0.01484375 0.00859375
12 0.8421875 0.5515625 0.01484375 0.00859375
3 0.77109375 0.578125 0.0140625 0.00859375
10 0.81875 0.60078125 0.0140625 0.00859375
15 0.790625 0.646875 0.01484375 0.00859375
9 0.75390625 0.66796875 0.0140625 0.00859375
16 0.503125 0.45234375 0.0171875 0.01171875
22 0.79609375 0.39140625 0.0171875 0.00625
4 0.79453125 0.3984375 0.02734375 0.00546875
11 0.784375 0.415625 0.02890625 0.00625
13 0.79375 0.4046875 0.009375 0.00625
2 0.853125 0.52109375 0.0140625 0.00859375
7 0.71875 0.3703125 0.0171875 0.01171875
20 0.490625 0.53828125 0.0171875 0.01171875