23 0.3578125 0.23828125 0.0078125 0.0140625
8 0.346875 0.42109375 0.0078125 0.0109375
14 0.3625 0.484375 0.0078125 0.01328125
6 0.409375 0.47890625 0.00703125 0.01171875
17 0.3328125 0.59609375 0.0078125 0.0109375
1 0.365625 0.60703125 0.0078125 0.01015625
12 0.35625 0.68125 0.0078125 0.0125
3 0.39296875 0.71015625 0.00703125 0.01328125
9 0.41796875 0.83671875 0.00625 0.00859375
19 0.6203125 0.4421875 0.0078125 0.0140625
16 0.584375 0.47890625 0.0078125 0.01328125
20 0.5953125 0.64140625 0.0078125 0.0125
15 0.3859375 0.8 0.00625 0.00859375
10 0.36796875 0.7375 0.00703125 0.01015625
2 0.34296875 0.6171875 0.00703125 0.009375
0 0.3703125 0.63359375 0.00703125 0.01015625
18 0.34765625 0.54375 0.00703125 0.01171875
7 0.3859375 0.41484375 0.00703125 0.01171875
4 0.37734375 0.45859375 0.0234375 0.0078125
11 0.38359375 0.4953125 0.01796875 0.009375
13 0.38125 0.4765625 0.009375 0.0125
24 0.34609375 0.5953125 0.00703125 0.009375
21 0.35703125 0.63203125 0.00703125 0.01015625