23 0.38359375 0.25703125 0.009375 0.00625
8 0.309375 0.3734375 0.00859375 0.00625
14 0.3109375 0.41171875 0.009375 0.00625
6 0.37421875 0.409375 0.009375 0.00625
17 0.2734375 0.465625 0.0078125 0.00625
1 0.31796875 0.47265625 0.009375 0.00625
12 0.30078125 0.5109375 0.00859375 0.00625
3 0.33515625 0.5328125 0.0078125 0.00625
9 0.35546875 0.60390625 0.009375 0.00625
19 0.60703125 0.38125 0.009375 0.00625
16 0.5765625 0.4015625 0.00859375 0.00625
20 0.59140625 0.49140625 0.00859375 0.00625
15 0.3234375 0.584375 0.009375 0.00625
10 0.3125 0.54453125 0.009375 0.00625
2 0.28515625 0.47890625 0.009375 0.00625
0 0.32109375 0.49140625 0.009375 0.00625
18 0.296875 0.43671875 0.00859375 0.00625
7 0.35546875 0.37578125 0.009375 0.00625
4 0.33203125 0.4046875 0.0234375 0.00546875
11 0.3375 0.41875 0.0234375 0.00703125
13 0.33515625 0.409375 0.009375 0.00625
24 0.290625 0.46875 0.009375 0.00625
21 0.30625 0.4859375 0.00859375 0.00625
22 0.33046875 0.39765625 0.0234375 0.00546875