23 0.23671875 0.21171875 0.009375 0.00625
8 0.20390625 0.3234375 0.00859375 0.00625
14 0.2171875 0.35234375 0.009375 0.00625
6 0.30234375 0.3546875 0.009375 0.00625
17 0.16015625 0.4125 0.00859375 0.00625
1 0.21328125 0.425 0.009375 0.00625
12 0.18125 0.4609375 0.00859375 0.00625
3 0.2453125 0.4875 0.00859375 0.00625
9 0.2296875 0.56015625 0.009375 0.00625
19 0.575 0.3265625 0.00859375 0.00625
16 0.5359375 0.34765625 0.00859375 0.00625
20 0.515625 0.43203125 0.00859375 0.00625
15 0.19609375 0.53984375 0.009375 0.00625
10 0.19453125 0.50625 0.009375 0.00625
2 0.1671875 0.425 0.009375 0.00625
0 0.21640625 0.43828125 0.009375 0.00625
18 0.18359375 0.3875 0.00859375 0.00625
7 0.3109375 0.3234375 0.009375 0.00625
22 0.2578125 0.33984375 0.0234375 0.00546875
4 0.25625 0.34921875 0.0234375 0.00546875
11 0.2640625 0.36484375 0.0171875 0.0046875
13 0.2578125 0.3546875 0.009375 0.00625
24 0.18671875 0.41953125 0.009375 0.00625
21 0.190625 0.43515625 0.00859375 0.00625