23 0.40546875 0.27265625 0.00546875 0.0078125
8 0.38203125 0.38515625 0.00546875 0.0078125
14 0.3859375 0.41875 0.0046875 0.00703125
0 0.38359375 0.5265625 0.00703125 0.01015625
1 0.3796875 0.5125 0.00625 0.0078125
24 0.37265625 0.5015625 0.00546875 0.00859375
21 0.37421875 0.528125 0.00625 0.009375
12 0.3734375 0.56328125 0.00546875 0.0078125
10 0.38046875 0.596875 0.00546875 0.00859375
3 0.40078125 0.58359375 0.00546875 0.0078125
15 0.3875 0.63984375 0.0046875 0.00703125
9 0.40546875 0.6640625 0.0046875 0.00546875
6 0.40859375 0.43046875 0.0078125 0.009375
19 0.5296875 0.54921875 0.0046875 0.0078125
20 0.53515625 0.40234375 0.0046875 0.00703125
16 0.51171875 0.42734375 0.0046875 0.00703125
22 0.3984375 0.40625 0.009375 0.00625
4 0.39609375 0.4203125 0.009375 0.00625
11 0.39921875 0.43359375 0.0078125 0.00703125
13 0.4 0.42578125 0.0046875 0.00703125
7 0.428125 0.40703125 0.00546875 0.00859375
2 0.365625 0.51796875 0.00625 0.009375
17 0.35859375 0.5015625 0.00625 0.009375