23 0.2625 0.23125 0.009375 0.00546875
8 0.21328125 0.3859375 0.00859375 0.00546875
14 0.23046875 0.41171875 0.00859375 0.00546875
17 0.17734375 0.50703125 0.0078125 0.00546875
24 0.2265625 0.515625 0.00859375 0.00546875
1 0.2546875 0.52421875 0.00859375 0.00546875
0 0.26484375 0.53203125 0.00859375 0.00546875
21 0.23359375 0.53515625 0.00859375 0.00546875
12 0.22109375 0.565625 0.00859375 0.00546875
3 0.2875 0.5890625 0.00859375 0.00546875
10 0.25078125 0.61171875 0.00859375 0.00546875
15 0.2796875 0.65703125 0.00859375 0.00546875
9 0.31796875 0.6765625 0.00859375 0.00546875
6 0.3078125 0.41328125 0.00859375 0.00546875
11 0.27109375 0.43046875 0.03671875 0.0078125
22 0.27265625 0.396875 0.034375 0.0046875
4 0.26640625 0.403125 0.034375 0.0046875
13 0.26875 0.41484375 0.009375 0.00703125
20 0.62421875 0.521875 0.00859375 0.00546875
19 0.684375 0.36796875 0.00859375 0.00546875
16 0.625 0.39140625 0.00859375 0.00546875
7 0.31328125 0.378125 0.00859375 0.00546875
2 0.20703125 0.53046875 0.00859375 0.00546875