23 0.65625 0.196875 0.01015625 0.0171875
8 0.68359375 0.396875 0.009375 0.0171875
14 0.675 0.44609375 0.009375 0.0171875
6 0.62265625 0.45625 0.01015625 0.0171875
17 0.70703125 0.546875 0.01015625 0.0171875
21 0.69140625 0.58125 0.009375 0.0171875
1 0.67578125 0.55390625 0.009375 0.0171875
12 0.69375 0.61171875 0.009375 0.0171875
3 0.6578125 0.66171875 0.009375 0.0171875
9 0.65390625 0.76953125 0.009375 0.0171875
19 0.44609375 0.44140625 0.009375 0.0171875
16 0.47734375 0.4625 0.009375 0.0171875
20 0.46875 0.58203125 0.009375 0.0171875
2 0.7015625 0.56875 0.01015625 0.0171875
24 0.69609375 0.55 0.009375 0.0171875
10 0.68671875 0.678125 0.01015625 0.0171875
15 0.6765625 0.7328125 0.009375 0.0171875
22 0.65546875 0.4265625 0.02265625 0.00859375
4 0.6546875 0.43671875 0.021875 0.0078125
11 0.64921875 0.475 0.0234375 0.00703125
13 0.653125 0.45234375 0.009375 0.0171875
7 0.63671875 0.38671875 0.009375 0.0171875
18 0.68984375 0.5 0.009375 0.0171875
0 0.67578125 0.5765625 0.009375 0.0171875