23 0.26640625 0.28515625 0.009375 0.00625
8 0.23984375 0.41171875 0.00859375 0.00625
14 0.259375 0.44921875 0.009375 0.00625
6 0.3390625 0.4453125 0.009375 0.00625
17 0.20859375 0.52109375 0.00859375 0.00625
1 0.278125 0.53125 0.009375 0.00625
12 0.253125 0.57734375 0.00859375 0.00625
3 0.33125 0.603125 0.00859375 0.00625
9 0.35859375 0.67734375 0.009375 0.00625
19 0.64609375 0.42578125 0.00859375 0.00625
16 0.615625 0.45390625 0.00859375 0.0078125
20 0.6109375 0.55078125 0.00859375 0.00625
15 0.31875 0.66015625 0.009375 0.00625
10 0.28515625 0.6234375 0.009375 0.00625
2 0.215625 0.5359375 0.009375 0.00625
0 0.2828125 0.546875 0.009375 0.00625
18 0.234375 0.48671875 0.00859375 0.00625
7 0.378125 0.396875 0.009375 0.00625
22 0.2875 0.43125 0.0234375 0.00546875
4 0.28984375 0.44375 0.0234375 0.00546875
11 0.296875 0.4609375 0.0171875 0.0046875
13 0.29765625 0.45 0.009375 0.00625
24 0.23828125 0.53125 0.009375 0.00625
21 0.253125 0.5484375 0.00859375 0.00625