23 0.73046875 0.28515625 0.009375 0.00703125
8 0.7734375 0.4109375 0.009375 0.00703125
14 0.76015625 0.44296875 0.009375 0.00703125
6 0.68359375 0.44765625 0.009375 0.00703125
17 0.80546875 0.50859375 0.009375 0.00703125
21 0.7734375 0.53203125 0.009375 0.00703125
1 0.7609375 0.51640625 0.009375 0.00703125
12 0.77890625 0.55703125 0.009375 0.00703125
3 0.7328125 0.58203125 0.009375 0.00703125
9 0.71875 0.6578125 0.009375 0.00703125
19 0.4203125 0.4265625 0.009375 0.00703125
16 0.46796875 0.44609375 0.009375 0.00703125
20 0.446875 0.540625 0.009375 0.00703125
2 0.7921875 0.52578125 0.009375 0.00703125
24 0.78203125 0.51328125 0.009375 0.00703125
10 0.76640625 0.6015625 0.009375 0.00703125
15 0.746875 0.6359375 0.009375 0.00703125
4 0.73125 0.43515625 0.03203125 0.0046875
11 0.72109375 0.45859375 0.0265625 0.00546875
13 0.72578125 0.4453125 0.009375 0.00703125
7 0.70703125 0.40703125 0.009375 0.00703125
18 0.7828125 0.48203125 0.009375 0.00703125
0 0.74765625 0.53203125 0.009375 0.00703125