23 0.59921875 0.35078125 0.009375 0.00703125
8 0.62734375 0.44296875 0.009375 0.00703125
14 0.62578125 0.46640625 0.009375 0.00703125
6 0.58515625 0.47109375 0.009375 0.00703125
17 0.66484375 0.515625 0.009375 0.00703125
21 0.64609375 0.5375 0.009375 0.00703125
1 0.63984375 0.5265625 0.009375 0.00703125
12 0.6546875 0.5578125 0.009375 0.00703125
3 0.62421875 0.5796875 0.009375 0.00703125
9 0.59609375 0.6484375 0.009375 0.00703125
19 0.3484375 0.4484375 0.009375 0.00703125
16 0.39765625 0.4625 0.009375 0.00703125
20 0.396875 0.55703125 0.009375 0.00703125
2 0.66171875 0.5296875 0.009375 0.00703125
24 0.6578125 0.52265625 0.009375 0.00703125
10 0.64765625 0.59453125 0.009375 0.00703125
15 0.625 0.63125 0.009375 0.00703125
11 0.615625 0.47734375 0.0265625 0.00546875
13 0.61328125 0.46796875 0.009375 0.00703125
7 0.5953125 0.43828125 0.01015625 0.00703125
18 0.66015625 0.5015625 0.009375 0.00703125
0 0.634375 0.53828125 0.009375 0.00703125
4 0.61953125 0.459375 0.03203125 0.0046875
22 0.6203125 0.45234375 0.03203125 0.0046875