23 0.596875 0.24453125 0.009375 0.00703125
8 0.646875 0.359375 0.009375 0.00703125
14 0.64296875 0.390625 0.009375 0.00703125
6 0.603125 0.3953125 0.009375 0.00703125
17 0.69609375 0.45390625 0.009375 0.00703125
21 0.66953125 0.47421875 0.009375 0.00703125
1 0.6625 0.465625 0.009375 0.00703125
12 0.67890625 0.49609375 0.009375 0.00703125
3 0.64375 0.5203125 0.009375 0.00703125
9 0.63203125 0.5828125 0.009375 0.00703125
19 0.3609375 0.39765625 0.009375 0.00703125
16 0.40390625 0.41796875 0.009375 0.00703125
20 0.40078125 0.49921875 0.009375 0.00703125
2 0.68515625 0.4671875 0.009375 0.00703125
24 0.6828125 0.46015625 0.009375 0.00703125
10 0.675 0.5328125 0.009375 0.00703125
15 0.6546875 0.565625 0.009375 0.00703125
4 0.63984375 0.38125 0.03125 0.0046875
11 0.63125 0.403125 0.02578125 0.00546875
13 0.63046875 0.3921875 0.009375 0.00703125
7 0.60390625 0.3609375 0.009375 0.00703125
18 0.67109375 0.4234375 0.009375 0.00703125
0 0.65859375 0.47578125 0.009375 0.00703125