23 0.32265625 0.31875 0.009375 0.00625
14 0.2890625 0.46484375 0.00703125 0.0046875
6 0.31875 0.47890625 0.00703125 0.00546875
4 0.2921875 0.46484375 0.01328125 0.0046875
11 0.29453125 0.48671875 0.0171875 0.00546875
13 0.29921875 0.47265625 0.00703125 0.0046875
17 0.228125 0.55546875 0.009375 0.00703125
24 0.25703125 0.55859375 0.009375 0.00703125
1 0.2734375 0.56328125 0.009375 0.00703125
0 0.2828125 0.5734375 0.009375 0.00703125
12 0.27578125 0.609375 0.0078125 0.00546875
3 0.31796875 0.628125 0.00859375 0.00546875
10 0.29140625 0.64453125 0.00859375 0.00625
21 0.27578125 0.575 0.00859375 0.00546875
15 0.31796875 0.68203125 0.00859375 0.00546875
9 0.359375 0.70625 0.009375 0.00625
16 0.54453125 0.4734375 0.009375 0.00703125
19 0.590625 0.45546875 0.009375 0.00625
20 0.56796875 0.58515625 0.009375 0.00625
18 0.2546875 0.515625 0.009375 0.00703125
8 0.2765625 0.4359375 0.00859375 0.00546875
7 0.3390625 0.4484375 0.00859375 0.00546875
2 0.25703125 0.5734375 0.0078125 0.00546875