23 0.6796875 0.1890625 0.009375 0.00703125
8 0.76796875 0.34375 0.009375 0.00703125
14 0.77265625 0.36796875 0.009375 0.00703125
6 0.66328125 0.3875 0.009375 0.00703125
17 0.8203125 0.46484375 0.009375 0.00703125
21 0.77734375 0.49140625 0.009375 0.00703125
1 0.753125 0.47578125 0.009375 0.00703125
12 0.7828125 0.525 0.009375 0.00703125
3 0.70546875 0.5515625 0.009375 0.00703125
9 0.665625 0.63984375 0.009375 0.00703125
19 0.26640625 0.3890625 0.009375 0.00703125
16 0.35859375 0.40625 0.009375 0.00703125
20 0.36875 0.5125 0.009375 0.00703125
2 0.8015625 0.48515625 0.009375 0.00703125
24 0.796875 0.47421875 0.009375 0.00703125
10 0.7578125 0.57578125 0.009375 0.00703125
15 0.728125 0.6125 0.009375 0.00703125
4 0.721875 0.375 0.03203125 0.0046875
11 0.709375 0.39921875 0.02578125 0.00546875
13 0.71171875 0.38671875 0.009375 0.00703125
7 0.665625 0.34296875 0.009375 0.00703125
18 0.796875 0.42265625 0.009375 0.00703125
0 0.75625 0.49296875 0.009375 0.00703125
22 0.72265625 0.37109375 0.03203125 0.0046875