23 0.67109375 0.25625 0.01015625 0.00625
8 0.70625 0.35546875 0.01015625 0.00625
14 0.703125 0.375 0.009375 0.00625
0 0.69609375 0.4578125 0.00859375 0.00546875
1 0.7 0.44765625 0.00859375 0.00546875
24 0.71640625 0.44296875 0.009375 0.00546875
17 0.7453125 0.43671875 0.009375 0.00625
21 0.7109375 0.45625 0.009375 0.00546875
12 0.71171875 0.4765625 0.00859375 0.00546875
10 0.69765625 0.51171875 0.00859375 0.00546875
3 0.67578125 0.49765625 0.009375 0.00546875
15 0.671875 0.54921875 0.00859375 0.00546875
9 0.65234375 0.5640625 0.009375 0.00546875
6 0.65546875 0.38671875 0.009375 0.00546875
19 0.4390625 0.48046875 0.009375 0.00625
20 0.41171875 0.38046875 0.009375 0.00546875
16 0.440625 0.38671875 0.009375 0.00546875
22 0.6875 0.37109375 0.021875 0.00546875
4 0.690625 0.378125 0.02265625 0.00390625
11 0.6765625 0.3953125 0.021875 0.0046875
13 0.68828125 0.384375 0.00859375 0.00546875
7 0.63125 0.35234375 0.01015625 0.00625
2 0.72578125 0.4515625 0.009375 0.00546875