23 0.79609375 0.2609375 0.0171875 0.01171875
8 0.85078125 0.4109375 0.0171875 0.01171875
6 0.7296875 0.4546875 0.0171875 0.01171875
14 0.85234375 0.43046875 0.01640625 0.01171875
18 0.8609375 0.4703125 0.0171875 0.01171875
1 0.821875 0.54375 0.0140625 0.00859375
24 0.86171875 0.5390625 0.01484375 0.00859375
17 0.8921875 0.534375 0.0140625 0.00859375
21 0.8359375 0.5625 0.01484375 0.00859375
0 0.80859375 0.55859375 0.01484375 0.00859375
12 0.840625 0.58515625 0.01484375 0.00859375
3 0.7671875 0.6125 0.0140625 0.00859375
10 0.834375 0.63046875 0.01484375 0.00859375
15 0.7984375 0.678125 0.01484375 0.00859375
9 0.75546875 0.70390625 0.0140625 0.00859375
16 0.46171875 0.45390625 0.0171875 0.01171875
19 0.39375 0.43203125 0.0171875 0.01171875
20 0.44765625 0.571875 0.0171875 0.01171875
22 0.8 0.43203125 0.02421875 0.00546875
4 0.796875 0.43515625 0.02578125 0.00546875
11 0.7859375 0.46328125 0.02890625 0.00625
13 0.79375 0.44453125 0.0125 0.00859375
7 0.70625 0.41796875 0.01640625 0.01171875
2 0.8609375 0.5578125 0.01484375 0.00859375