23 0.259375 0.15 0.009375 0.00625
8 0.21640625 0.26953125 0.00859375 0.00625
14 0.2265625 0.29921875 0.009375 0.00625
6 0.28984375 0.31640625 0.009375 0.00625
17 0.1625 0.38984375 0.00859375 0.00625
1 0.2203125 0.3984375 0.009375 0.00625
12 0.2015625 0.44296875 0.00859375 0.00625
3 0.26484375 0.471875 0.00859375 0.00625
9 0.271875 0.5453125 0.009375 0.00625
19 0.58828125 0.296875 0.00859375 0.00625
16 0.546875 0.3140625 0.00859375 0.00625
20 0.5359375 0.434375 0.00859375 0.00625
15 0.246875 0.5234375 0.009375 0.00625
10 0.23359375 0.4875 0.009375 0.00625
2 0.18515625 0.40625 0.009375 0.00625
0 0.22421875 0.4171875 0.009375 0.00625
18 0.20546875 0.33359375 0.00859375 0.00625
7 0.32734375 0.275 0.009375 0.00625
22 0.25625 0.2890625 0.0234375 0.00546875
4 0.2484375 0.30078125 0.0234375 0.00546875
11 0.25390625 0.32578125 0.0171875 0.00390625
13 0.25625 0.3125 0.009375 0.00625
24 0.18046875 0.3921875 0.009375 0.00625
21 0.209375 0.41484375 0.00859375 0.00625