23 0.31640625 0.1890625 0.009375 0.00625
8 0.228125 0.34765625 0.009375 0.00625
14 0.22265625 0.3890625 0.0078125 0.00625
6 0.3328125 0.39375 0.009375 0.00625
17 0.1484375 0.47578125 0.00859375 0.00625
1 0.22734375 0.4828125 0.009375 0.00625
12 0.17890625 0.53125 0.0078125 0.00625
3 0.2671875 0.56328125 0.00859375 0.00625
9 0.29765625 0.65546875 0.009375 0.00625
19 0.73203125 0.3703125 0.00859375 0.00625
16 0.62890625 0.39765625 0.00859375 0.00625
20 0.61640625 0.51015625 0.009375 0.00625
15 0.2359375 0.6265625 0.009375 0.00625
10 0.2046875 0.584375 0.009375 0.00625
2 0.16640625 0.49453125 0.009375 0.00625
0 0.234375 0.50390625 0.009375 0.00625
18 0.1859375 0.43125 0.009375 0.00625
7 0.3234375 0.3515625 0.009375 0.00625
4 0.27578125 0.3890625 0.0234375 0.00546875
11 0.28515625 0.4078125 0.02265625 0.00703125
13 0.28671875 0.396875 0.00859375 0.00625
24 0.18359375 0.475 0.009375 0.00625
21 0.19296875 0.50390625 0.009375 0.00625
22 0.271875 0.371875 0.021875 0.00546875