23 0.23515625 0.2546875 0.009375 0.00625
8 0.18359375 0.39765625 0.009375 0.00625
14 0.184375 0.43359375 0.00859375 0.00625
6 0.27265625 0.4484375 0.009375 0.00625
17 0.12109375 0.53828125 0.00859375 0.00625
1 0.1953125 0.55234375 0.009375 0.00625
12 0.16875 0.6046875 0.0078125 0.00625
3 0.25 0.6359375 0.0078125 0.00625
9 0.2609375 0.7375 0.009375 0.00625
19 0.64453125 0.44296875 0.00859375 0.00625
16 0.57890625 0.45703125 0.00859375 0.00625
20 0.5796875 0.5953125 0.009375 0.00625
15 0.2140625 0.71328125 0.009375 0.00625
10 0.20078125 0.65859375 0.009375 0.00625
2 0.1453125 0.5609375 0.009375 0.00625
0 0.2015625 0.5703125 0.009375 0.00625
18 0.15078125 0.4921875 0.009375 0.00625
7 0.26484375 0.40078125 0.00859375 0.00625
4 0.21953125 0.4265625 0.02265625 0.00546875
11 0.22734375 0.4578125 0.0234375 0.00703125
13 0.225 0.44453125 0.00859375 0.00625
24 0.15390625 0.54453125 0.009375 0.00625
21 0.1796875 0.56640625 0.009375 0.00625
22 0.22109375 0.41640625 0.02265625 0.00546875