23 0.7375 0.221875 0.009375 0.00703125
8 0.803125 0.3515625 0.009375 0.00703125
14 0.79140625 0.3984375 0.009375 0.00703125
6 0.6796875 0.40546875 0.009375 0.00703125
17 0.8421875 0.48515625 0.009375 0.00703125
21 0.8140625 0.51015625 0.009375 0.00703125
1 0.7890625 0.4984375 0.009375 0.00703125
12 0.81484375 0.54296875 0.009375 0.00703125
3 0.740625 0.575 0.009375 0.00703125
9 0.7109375 0.66015625 0.009375 0.00703125
19 0.34296875 0.40859375 0.009375 0.00703125
16 0.409375 0.43125 0.009375 0.00703125
20 0.40390625 0.52890625 0.009375 0.00703125
2 0.8328125 0.5 0.009375 0.00703125
24 0.8203125 0.49296875 0.009375 0.00703125
10 0.7984375 0.590625 0.009375 0.00703125
15 0.7578125 0.63828125 0.009375 0.00703125
4 0.74375 0.3828125 0.03125 0.0046875
11 0.734375 0.4125 0.02578125 0.00546875
13 0.73828125 0.39609375 0.009375 0.00703125
7 0.696875 0.35859375 0.009375 0.00703125
18 0.8234375 0.4484375 0.009375 0.00703125
0 0.7859375 0.51328125 0.009375 0.00703125
22 0.74375 0.37578125 0.03203125 0.0046875