23 0.39609375 0.15 0.009375 0.00625
14 0.3609375 0.36796875 0.0046875 0.00703125
6 0.39765625 0.3703125 0.009375 0.00625
17 0.33671875 0.44453125 0.00859375 0.00625
1 0.36171875 0.4703125 0.009375 0.00625
12 0.35078125 0.52421875 0.00859375 0.00625
3 0.3765625 0.56328125 0.00859375 0.00625
9 0.39453125 0.6515625 0.009375 0.00625
19 0.5546875 0.35234375 0.00859375 0.00625
16 0.53515625 0.37890625 0.00859375 0.00625
20 0.53359375 0.50625 0.00859375 0.00625
15 0.37734375 0.62734375 0.009375 0.00625
10 0.36015625 0.57578125 0.009375 0.00625
2 0.33671875 0.4640625 0.009375 0.00625
0 0.36796875 0.4875 0.009375 0.00625
18 0.3515625 0.4109375 0.00859375 0.00625
7 0.409375 0.31796875 0.009375 0.00625
22 0.36875 0.33828125 0.0234375 0.00546875
4 0.3703125 0.35390625 0.0234375 0.00546875
11 0.3734375 0.38671875 0.0171875 0.00390625
13 0.36953125 0.36796875 0.009375 0.00625
24 0.34609375 0.4515625 0.009375 0.00625
21 0.35 0.48046875 0.00859375 0.00625