23 0.6859375 0.16640625 0.009375 0.0171875
8 0.71796875 0.340625 0.01015625 0.0171875
14 0.71015625 0.38828125 0.009375 0.0171875
6 0.66796875 0.3875 0.009375 0.0171875
17 0.74921875 0.4984375 0.00625 0.0125
21 0.7296875 0.53515625 0.0078125 0.0109375
1 0.7171875 0.51796875 0.00859375 0.0140625
12 0.7375 0.571875 0.00625 0.01015625
3 0.696875 0.61328125 0.00703125 0.0109375
9 0.6828125 0.7203125 0.00625 0.009375
19 0.4703125 0.3625 0.009375 0.0171875
16 0.503125 0.396875 0.009375 0.0171875
20 0.5078125 0.5328125 0.00859375 0.0171875
2 0.74296875 0.52109375 0.00546875 0.00859375
24 0.73671875 0.509375 0.00703125 0.01328125
10 0.72578125 0.63125 0.00703125 0.009375
15 0.70703125 0.6859375 0.00625 0.0109375
4 0.696875 0.37578125 0.021875 0.00703125
11 0.68984375 0.41015625 0.0234375 0.00703125
13 0.69296875 0.3921875 0.009375 0.0171875
7 0.68359375 0.334375 0.01015625 0.0171875
18 0.7328125 0.4609375 0.00703125 0.0140625
0 0.71484375 0.54453125 0.0078125 0.01015625