23 0.82578125 0.22421875 0.009375 0.00703125
8 0.8484375 0.39375 0.009375 0.00703125
14 0.83203125 0.43671875 0.009375 0.00703125
6 0.72890625 0.4375 0.009375 0.00703125
17 0.88359375 0.53984375 0.009375 0.00703125
21 0.8375 0.56484375 0.009375 0.00703125
1 0.8171875 0.54765625 0.009375 0.00703125
12 0.8375 0.5984375 0.009375 0.00703125
3 0.77421875 0.61796875 0.009375 0.00703125
9 0.73125 0.709375 0.009375 0.00703125
19 0.31640625 0.3859375 0.009375 0.00703125
16 0.425 0.42890625 0.009375 0.00703125
20 0.41171875 0.5515625 0.009375 0.00703125
2 0.865625 0.559375 0.009375 0.00703125
24 0.85078125 0.54609375 0.009375 0.00703125
10 0.8171875 0.640625 0.009375 0.00703125
15 0.78125 0.6875 0.009375 0.00703125
4 0.78984375 0.421875 0.03125 0.0046875
11 0.7765625 0.45625 0.02578125 0.00546875
13 0.78125 0.4359375 0.009375 0.00703125
7 0.7609375 0.38828125 0.009375 0.00703125
18 0.859375 0.5 0.009375 0.00703125
0 0.809375 0.56796875 0.009375 0.00703125
22 0.7890625 0.41796875 0.03203125 0.0046875