23 0.23125 0.20859375 0.009375 0.00625
8 0.14609375 0.35703125 0.009375 0.00625
14 0.14765625 0.4078125 0.009375 0.00625
6 0.23125 0.41171875 0.009375 0.00625
17 0.09609375 0.4859375 0.00859375 0.00625
1 0.15 0.4921875 0.009375 0.00625
12 0.1421875 0.54296875 0.0078125 0.00625
3 0.1859375 0.565625 0.0078125 0.00625
9 0.22265625 0.6515625 0.009375 0.00625
19 0.54296875 0.38828125 0.00859375 0.00625
16 0.484375 0.4125 0.00859375 0.00625
20 0.50859375 0.52109375 0.009375 0.00625
15 0.1671875 0.62578125 0.009375 0.00625
10 0.1515625 0.58046875 0.009375 0.00625
2 0.11484375 0.50546875 0.009375 0.00625
0 0.1609375 0.5109375 0.009375 0.00625
18 0.12890625 0.446875 0.009375 0.00625
7 0.21875 0.3625 0.009375 0.00625
4 0.18125 0.39140625 0.02265625 0.00546875
11 0.1984375 0.4171875 0.0234375 0.00703125
13 0.1921875 0.40546875 0.009375 0.00625
24 0.11796875 0.490625 0.009375 0.00625
21 0.1453125 0.51328125 0.009375 0.00625
22 0.184375 0.38046875 0.02265625 0.00546875