23 0.2625 0.265625 0.00859375 0.00625
8 0.23671875 0.396875 0.00859375 0.00625
14 0.25078125 0.43984375 0.009375 0.00625
6 0.35078125 0.44453125 0.009375 0.00625
17 0.2 0.5234375 0.00859375 0.00625
1 0.26640625 0.5328125 0.009375 0.00625
12 0.23203125 0.57109375 0.00859375 0.00625
3 0.3078125 0.60546875 0.0078125 0.00625
9 0.3 0.69140625 0.009375 0.00625
19 0.68984375 0.4078125 0.00859375 0.00625
16 0.6296875 0.44140625 0.009375 0.00625
20 0.6484375 0.540625 0.00859375 0.00625
15 0.24609375 0.66328125 0.009375 0.00625
10 0.25078125 0.62109375 0.009375 0.00625
2 0.221875 0.53671875 0.009375 0.00625
0 0.2703125 0.5515625 0.00859375 0.00625
18 0.22734375 0.48828125 0.00859375 0.00625
7 0.3453125 0.4046875 0.009375 0.00625
4 0.29296875 0.43125 0.0234375 0.00546875
11 0.3046875 0.45390625 0.0234375 0.00703125
13 0.30234375 0.44140625 0.009375 0.00625
24 0.228125 0.525 0.009375 0.00625
21 0.2375 0.54375 0.00859375 0.00625
22 0.2921875 0.425 0.0234375 0.00546875