23 0.2703125 0.415625 0.009375 0.00625
8 0.25234375 0.5203125 0.009375 0.00625
14 0.2546875 0.54921875 0.0078125 0.00625
6 0.31328125 0.55703125 0.009375 0.00625
17 0.2328125 0.60859375 0.00859375 0.00625
1 0.275 0.60859375 0.009375 0.00625
12 0.26640625 0.6421875 0.00703125 0.00625
3 0.30703125 0.66171875 0.00859375 0.00625
9 0.325 0.725 0.009375 0.00625
19 0.54140625 0.534375 0.00859375 0.00625
16 0.50859375 0.54453125 0.00859375 0.00625
20 0.52421875 0.6296875 0.009375 0.00625
15 0.2953125 0.7078125 0.009375 0.00625
10 0.27578125 0.67734375 0.009375 0.00625
2 0.246875 0.61796875 0.009375 0.00625
0 0.284375 0.6234375 0.009375 0.00625
18 0.24765625 0.5796875 0.009375 0.00625
7 0.30390625 0.525 0.009375 0.00625
4 0.27265625 0.54609375 0.02265625 0.00546875
11 0.28359375 0.565625 0.0234375 0.00703125
13 0.278125 0.55546875 0.00859375 0.00625
24 0.24921875 0.6078125 0.009375 0.00625
21 0.271875 0.621875 0.009375 0.00625