23 0.2734375 0.2015625 0.015625 0.00546875
8 0.25078125 0.3171875 0.00859375 0.00546875
14 0.25546875 0.3390625 0.00859375 0.00546875
17 0.2203125 0.41328125 0.01015625 0.00625
24 0.2453125 0.421875 0.00859375 0.00546875
1 0.26796875 0.43203125 0.00859375 0.00546875
0 0.28125 0.4421875 0.00859375 0.00546875
21 0.25859375 0.440625 0.00859375 0.00546875
12 0.25234375 0.4703125 0.00859375 0.00546875
3 0.3078125 0.49140625 0.0078125 0.00546875
10 0.26484375 0.496875 0.00859375 0.00546875
15 0.275 0.53125 0.0078125 0.00546875
9 0.3125 0.55703125 0.009375 0.00625
6 0.33203125 0.35859375 0.00859375 0.00546875
11 0.3015625 0.3625 0.0234375 0.0046875
13 0.29921875 0.35234375 0.00703125 0.00546875
20 0.57734375 0.4640625 0.01015625 0.00703125
7 0.34375 0.3234375 0.00859375 0.00546875
4 0.2890625 0.34453125 0.025 0.0046875
2 0.240625 0.434375 0.00859375 0.00546875
16 0.55859375 0.33203125 0.01171875 0.00703125
19 0.609375 0.3171875 0.0109375 0.00625
18 0.24375 0.37890625 0.00859375 0.00546875