23 0.83671875 0.24375 0.009375 0.00703125
8 0.84296875 0.3625 0.009375 0.00703125
14 0.83984375 0.3875 0.009375 0.00703125
6 0.75546875 0.4015625 0.009375 0.00703125
17 0.890625 0.48359375 0.009375 0.00703125
21 0.84609375 0.515625 0.009375 0.00703125
1 0.82734375 0.49765625 0.009375 0.00703125
12 0.8484375 0.5484375 0.009375 0.00703125
3 0.77578125 0.57265625 0.009375 0.00703125
9 0.74921875 0.65546875 0.009375 0.00703125
19 0.43125 0.39765625 0.009375 0.00703125
16 0.48828125 0.41796875 0.009375 0.00703125
20 0.47421875 0.51953125 0.009375 0.00703125
2 0.86796875 0.50546875 0.009375 0.00703125
24 0.859375 0.4953125 0.009375 0.00703125
10 0.821875 0.59609375 0.009375 0.00703125
15 0.790625 0.63515625 0.009375 0.00703125
11 0.78828125 0.41484375 0.0265625 0.00546875
13 0.79296875 0.3984375 0.009375 0.00703125
7 0.77421875 0.36640625 0.01015625 0.00703125
18 0.8625 0.44921875 0.009375 0.00703125
0 0.81796875 0.51328125 0.009375 0.00703125
4 0.7984375 0.384375 0.03203125 0.0046875