23 0.72109375 0.2546875 0.009375 0.00703125
8 0.84296875 0.4296875 0.009375 0.00703125
14 0.83359375 0.465625 0.009375 0.00703125
6 0.7171875 0.4796875 0.009375 0.00703125
17 0.88984375 0.56171875 0.009375 0.00703125
21 0.8375 0.5890625 0.009375 0.00703125
1 0.82265625 0.578125 0.009375 0.00703125
12 0.8484375 0.6328125 0.009375 0.00703125
3 0.775 0.659375 0.009375 0.00703125
9 0.73828125 0.73515625 0.009375 0.00703125
19 0.3625 0.43125 0.009375 0.00703125
16 0.43125 0.46328125 0.009375 0.00703125
20 0.4109375 0.5875 0.009375 0.00703125
2 0.8671875 0.58046875 0.009375 0.00703125
24 0.86328125 0.56875 0.009375 0.00703125
10 0.8265625 0.67421875 0.009375 0.00703125
15 0.78203125 0.71171875 0.009375 0.00703125
4 0.7828125 0.45703125 0.03125 0.0046875
11 0.77890625 0.48515625 0.02578125 0.00546875
13 0.7796875 0.46328125 0.009375 0.00703125
7 0.74609375 0.41953125 0.009375 0.00703125
18 0.86171875 0.52734375 0.009375 0.00703125
0 0.825 0.590625 0.009375 0.00703125
22 0.78984375 0.45234375 0.03125 0.0046875