23 0.67578125 0.24921875 0.01015625 0.0171875
8 0.69140625 0.4125 0.009375 0.0171875
14 0.68984375 0.44375 0.009375 0.0171875
6 0.65546875 0.4625 0.009375 0.0171875
17 0.7078125 0.56484375 0.00625 0.0125
21 0.6828125 0.59140625 0.0078125 0.0109375
1 0.6796875 0.571875 0.00859375 0.0140625
12 0.6828125 0.6375 0.00625 0.01015625
3 0.6546875 0.66875 0.00703125 0.0109375
9 0.59921875 0.77578125 0.00625 0.009375
19 0.475 0.4484375 0.009375 0.0171875
16 0.5109375 0.471875 0.009375 0.0171875
20 0.490625 0.6 0.009375 0.0171875
2 0.69765625 0.58671875 0.00546875 0.009375
24 0.6984375 0.56328125 0.00703125 0.01328125
10 0.66953125 0.6953125 0.00703125 0.009375
15 0.63828125 0.7421875 0.00625 0.0109375
4 0.6796875 0.45 0.021875 0.0078125
11 0.671875 0.47890625 0.0234375 0.00703125
13 0.671875 0.46328125 0.009375 0.0171875
7 0.6703125 0.4078125 0.009375 0.0171875
18 0.69921875 0.5171875 0.00703125 0.01328125
0 0.67421875 0.590625 0.0078125 0.01015625
22 0.6796875 0.4421875 0.021875 0.0078125