23 0.7859375 0.20546875 0.009375 0.00703125
8 0.83984375 0.36484375 0.009375 0.00703125
14 0.815625 0.4 0.009375 0.00703125
6 0.75234375 0.4125 0.009375 0.00703125
17 0.859375 0.47421875 0.009375 0.00703125
21 0.82265625 0.503125 0.009375 0.00703125
1 0.821875 0.4890625 0.009375 0.00703125
12 0.82578125 0.53203125 0.009375 0.00703125
3 0.778125 0.55546875 0.009375 0.00703125
9 0.73984375 0.62734375 0.009375 0.00703125
19 0.4359375 0.37578125 0.009375 0.00703125
16 0.50703125 0.40546875 0.009375 0.00703125
20 0.48359375 0.5203125 0.009375 0.00703125
2 0.84375 0.49609375 0.009375 0.00703125
24 0.846875 0.4890625 0.009375 0.00703125
10 0.8109375 0.56328125 0.009375 0.00703125
15 0.79140625 0.60078125 0.009375 0.00703125
22 0.80546875 0.3875 0.03125 0.00546875
4 0.80390625 0.39296875 0.03125 0.0046875
11 0.784375 0.41796875 0.02578125 0.00546875
13 0.79140625 0.40703125 0.009375 0.00703125
7 0.77734375 0.36328125 0.009375 0.00703125
18 0.83125 0.44140625 0.009375 0.00703125
0 0.8078125 0.50390625 0.009375 0.00703125