23 0.37890625 0.3734375 0.009375 0.00625
8 0.3484375 0.45625 0.009375 0.00625
14 0.353125 0.48046875 0.0078125 0.00625
6 0.40546875 0.48671875 0.009375 0.00625
17 0.31484375 0.53125 0.00859375 0.00625
1 0.34921875 0.5375 0.009375 0.00625
12 0.33671875 0.57265625 0.0078125 0.00625
3 0.3703125 0.58828125 0.00859375 0.00625
9 0.3921875 0.64296875 0.009375 0.00625
19 0.61953125 0.4875 0.00859375 0.00625
16 0.575 0.49921875 0.00859375 0.00625
20 0.578125 0.5734375 0.009375 0.00625
15 0.3640625 0.62578125 0.009375 0.00625
10 0.3453125 0.59765625 0.009375 0.00625
2 0.325 0.54296875 0.009375 0.00625
0 0.353125 0.55078125 0.009375 0.00625
18 0.334375 0.509375 0.009375 0.00625
7 0.39375 0.4609375 0.009375 0.00625
4 0.3734375 0.47890625 0.02265625 0.00546875
11 0.37890625 0.49453125 0.0234375 0.00703125
13 0.37734375 0.48515625 0.00859375 0.00625
24 0.33125 0.53515625 0.009375 0.00625
21 0.340625 0.55 0.009375 0.00625
22 0.37421875 0.471875 0.02265625 0.00546875