23 0.66640625 0.19296875 0.01015625 0.0171875
8 0.71015625 0.41171875 0.01015625 0.0171875
14 0.70625 0.46796875 0.009375 0.0171875
6 0.65859375 0.46171875 0.009375 0.0171875
17 0.73125 0.5765625 0.00625 0.0125
21 0.7015625 0.6109375 0.0078125 0.0109375
1 0.69609375 0.58359375 0.00859375 0.0140625
12 0.703125 0.66015625 0.00625 0.01015625
3 0.6640625 0.68125 0.00703125 0.0109375
9 0.64375 0.78828125 0.00625 0.009375
19 0.4625 0.446875 0.009375 0.0171875
16 0.4984375 0.4625 0.009375 0.0171875
20 0.503125 0.59375 0.009375 0.0171875
2 0.721875 0.6015625 0.00546875 0.00859375
24 0.7171875 0.58125 0.00703125 0.0125
10 0.69296875 0.7125 0.00703125 0.009375
15 0.66953125 0.7640625 0.00625 0.0109375
4 0.68515625 0.45234375 0.021875 0.00703125
11 0.68125 0.4765625 0.0234375 0.00703125
13 0.684375 0.46328125 0.009375 0.0171875
7 0.6671875 0.403125 0.01015625 0.0171875
18 0.71796875 0.53359375 0.00703125 0.0140625
0 0.68828125 0.60546875 0.0078125 0.01015625
22 0.6875 0.44765625 0.021875 0.00703125