23 0.4203125 0.24375 0.009375 0.00625
14 0.38125 0.47578125 0.009375 0.00625
6 0.4203125 0.48671875 0.009375 0.00625
17 0.35234375 0.56015625 0.00859375 0.00625
1 0.3828125 0.57890625 0.009375 0.00625
12 0.3703125 0.6359375 0.00859375 0.00625
3 0.3984375 0.68125 0.00859375 0.00625
9 0.43125 0.77890625 0.009375 0.00625
19 0.596875 0.46640625 0.00859375 0.00625
16 0.5734375 0.50078125 0.00859375 0.00625
20 0.5625 0.63125 0.00859375 0.00625
15 0.40546875 0.74453125 0.009375 0.00625
10 0.38046875 0.69296875 0.009375 0.00625
2 0.35703125 0.578125 0.009375 0.00625
0 0.3890625 0.6 0.009375 0.00625
18 0.36796875 0.5171875 0.00859375 0.00625
7 0.43359375 0.4328125 0.009375 0.00625
22 0.39921875 0.453125 0.0234375 0.00546875
4 0.39375 0.4671875 0.0234375 0.00546875
11 0.4 0.49765625 0.0171875 0.00390625
13 0.39296875 0.4796875 0.009375 0.00625
24 0.36484375 0.5671875 0.009375 0.00625
21 0.37421875 0.5953125 0.00859375 0.00625