23 0.3296875 0.2015625 0.009375 0.00625
8 0.31328125 0.3078125 0.009375 0.00625
14 0.334375 0.33828125 0.0078125 0.00625
6 0.37578125 0.34375 0.009375 0.00625
17 0.296875 0.41171875 0.0078125 0.00625
1 0.33984375 0.41875 0.009375 0.00625
12 0.328125 0.4578125 0.00703125 0.00625
3 0.36484375 0.47734375 0.00859375 0.00625
9 0.4 0.54609375 0.009375 0.00625
19 0.60625 0.29609375 0.00859375 0.00625
16 0.56953125 0.32421875 0.009375 0.00625
20 0.590625 0.42109375 0.00859375 0.00625
15 0.36796875 0.53125 0.009375 0.00625
10 0.34140625 0.49375 0.009375 0.00625
2 0.3109375 0.428125 0.0078125 0.00625
0 0.34765625 0.43125 0.009375 0.00625
18 0.31875 0.38515625 0.0078125 0.00625
7 0.35234375 0.3171875 0.009375 0.00625
11 0.353125 0.353125 0.0234375 0.00703125
13 0.3453125 0.3421875 0.0078125 0.00625
24 0.31640625 0.41640625 0.009375 0.00625
21 0.334375 0.4375 0.00859375 0.00625
4 0.33828125 0.3359375 0.0234375 0.00546875
22 0.340625 0.3296875 0.02265625 0.00546875