23 0.359375 0.22421875 0.009375 0.00625
8 0.31328125 0.36171875 0.009375 0.00625
14 0.3109375 0.39921875 0.00859375 0.00625
6 0.3734375 0.4015625 0.009375 0.00625
17 0.26015625 0.47578125 0.00859375 0.00625
1 0.31796875 0.48671875 0.009375 0.00625
12 0.2953125 0.52578125 0.00703125 0.00625
3 0.3484375 0.55390625 0.0078125 0.00625
9 0.3703125 0.6265625 0.009375 0.00625
19 0.6765625 0.38203125 0.00859375 0.00625
16 0.615625 0.4015625 0.00859375 0.00625
20 0.6265625 0.509375 0.00859375 0.00625
15 0.33515625 0.6109375 0.009375 0.00625
10 0.3109375 0.57421875 0.009375 0.00625
2 0.278125 0.49375 0.00859375 0.00625
0 0.3234375 0.5 0.009375 0.00625
18 0.27734375 0.440625 0.00859375 0.00625
7 0.36796875 0.36015625 0.009375 0.00625
4 0.32578125 0.38515625 0.02265625 0.00546875
11 0.33984375 0.41171875 0.0234375 0.00703125
13 0.33359375 0.39765625 0.00859375 0.00625
24 0.28828125 0.4828125 0.009375 0.00625
21 0.30234375 0.503125 0.009375 0.00625