23 0.7140625 0.190625 0.009375 0.00703125
8 0.8203125 0.3703125 0.009375 0.00703125
14 0.80703125 0.41796875 0.009375 0.00703125
6 0.73359375 0.43515625 0.009375 0.00703125
17 0.85703125 0.503125 0.009375 0.00703125
21 0.8140625 0.5359375 0.009375 0.00703125
1 0.80625 0.52421875 0.009375 0.00703125
12 0.82265625 0.56953125 0.009375 0.00703125
3 0.75390625 0.6109375 0.009375 0.00703125
9 0.7140625 0.71171875 0.009375 0.00703125
19 0.32734375 0.4609375 0.009375 0.00703125
16 0.3984375 0.46953125 0.009375 0.00703125
20 0.41796875 0.5921875 0.009375 0.00703125
2 0.8453125 0.521875 0.009375 0.00703125
24 0.8390625 0.51640625 0.009375 0.00703125
10 0.79296875 0.634375 0.009375 0.00703125
15 0.7546875 0.690625 0.009375 0.00703125
11 0.7703125 0.446875 0.0265625 0.00546875
13 0.771875 0.43125 0.009375 0.00703125
7 0.74296875 0.38203125 0.01015625 0.00703125
18 0.8328125 0.47578125 0.009375 0.00703125
0 0.79765625 0.5390625 0.009375 0.00703125
4 0.77890625 0.4203125 0.03203125 0.0046875
22 0.7859375 0.403125 0.03203125 0.0046875