23 0.2796875 0.2296875 0.0171875 0.01171875
8 0.25 0.36171875 0.0171875 0.01171875
6 0.38125 0.39765625 0.0171875 0.01171875
14 0.25078125 0.37734375 0.0171875 0.01171875
18 0.23984375 0.425 0.0171875 0.01171875
1 0.29453125 0.4875 0.0140625 0.00859375
24 0.25546875 0.48359375 0.0140625 0.00859375
17 0.2171875 0.471875 0.0140625 0.00859375
21 0.26796875 0.4984375 0.0140625 0.00859375
0 0.2984375 0.496875 0.0140625 0.00859375
12 0.2609375 0.521875 0.0140625 0.00859375
3 0.3375 0.546875 0.0140625 0.00859375
10 0.2765625 0.56484375 0.0140625 0.00859375
15 0.30546875 0.6078125 0.0140625 0.00859375
9 0.35 0.6265625 0.0140625 0.00859375
16 0.63046875 0.38671875 0.0171875 0.01171875
19 0.6890625 0.37265625 0.0171875 0.01171875
20 0.64609375 0.49921875 0.0171875 0.01171875
22 0.31796875 0.38125 0.03046875 0.0078125
4 0.31875 0.38671875 0.03046875 0.0078125
11 0.3328125 0.40703125 0.03046875 0.0078125
13 0.32421875 0.39453125 0.0109375 0.00703125
7 0.409375 0.36328125 0.0171875 0.01171875
2 0.24765625 0.49453125 0.0140625 0.00859375