23 0.7953125 0.23828125 0.009375 0.00703125
8 0.834375 0.409375 0.009375 0.00703125
14 0.8265625 0.4390625 0.009375 0.00703125
6 0.75078125 0.44375 0.009375 0.00703125
17 0.8703125 0.53046875 0.009375 0.00703125
21 0.81875 0.55234375 0.009375 0.00703125
1 0.80390625 0.5421875 0.009375 0.00703125
12 0.821875 0.58984375 0.009375 0.00703125
3 0.76796875 0.6171875 0.009375 0.00703125
9 0.7375 0.70703125 0.009375 0.00703125
19 0.3671875 0.409375 0.009375 0.00703125
16 0.4453125 0.4328125 0.009375 0.00703125
20 0.453125 0.5390625 0.009375 0.00703125
2 0.84375 0.5453125 0.009375 0.00703125
24 0.846875 0.53515625 0.009375 0.00703125
10 0.8078125 0.628125 0.009375 0.00703125
15 0.78984375 0.68046875 0.009375 0.00703125
4 0.80546875 0.43046875 0.03125 0.0046875
11 0.79140625 0.45703125 0.02578125 0.00546875
13 0.80078125 0.44140625 0.009375 0.00703125
7 0.778125 0.39296875 0.009375 0.00703125
18 0.8484375 0.4953125 0.009375 0.00703125
0 0.8046875 0.55703125 0.009375 0.00703125
22 0.80859375 0.42421875 0.03125 0.0046875