23 0.7453125 0.175 0.0046875 0.00625
8 0.76015625 0.35078125 0.00390625 0.00546875
14 0.74375 0.4046875 0.0046875 0.00625
6 0.68515625 0.40390625 0.0046875 0.00703125
4 0.71875 0.390625 0.0109375 0.00546875
11 0.7125 0.4234375 0.01328125 0.0078125
13 0.7140625 0.403125 0.003125 0.0046875
17 0.79609375 0.521875 0.00390625 0.00625
24 0.778125 0.5375 0.00390625 0.00546875
1 0.746875 0.5484375 0.00390625 0.00546875
0 0.7390625 0.57265625 0.0046875 0.00625
21 0.76640625 0.56953125 0.00390625 0.00546875
12 0.771875 0.61953125 0.0046875 0.00625
3 0.7078125 0.65078125 0.00390625 0.00546875
10 0.76015625 0.684375 0.00390625 0.00546875
15 0.753125 0.74921875 0.0046875 0.0078125
9 0.72421875 0.78984375 0.0046875 0.00703125
16 0.48203125 0.3921875 0.0046875 0.0078125
20 0.49765625 0.584375 0.00546875 0.00703125
7 0.66640625 0.35 0.0046875 0.00703125
2 0.77578125 0.5609375 0.00390625 0.00625
22 0.71796875 0.3875 0.01171875 0.00546875