23 0.3203125 0.3046875 0.009375 0.00625
8 0.29375 0.41484375 0.009375 0.00625
14 0.29921875 0.4390625 0.009375 0.00625
6 0.38359375 0.44609375 0.009375 0.00625
17 0.259375 0.5078125 0.00859375 0.00625
1 0.31328125 0.51015625 0.009375 0.00625
12 0.2921875 0.5515625 0.00859375 0.00625
3 0.34296875 0.575 0.0078125 0.00625
9 0.3609375 0.6484375 0.009375 0.00625
19 0.61953125 0.41796875 0.00859375 0.00625
16 0.58125 0.4359375 0.00859375 0.00625
20 0.60390625 0.52578125 0.009375 0.00625
15 0.325 0.628125 0.009375 0.00625
10 0.303125 0.59453125 0.009375 0.00625
2 0.275 0.521875 0.009375 0.00625
0 0.325 0.52890625 0.009375 0.00625
18 0.28359375 0.47578125 0.009375 0.00625
7 0.36484375 0.415625 0.009375 0.00625
4 0.32890625 0.434375 0.0234375 0.00546875
11 0.33828125 0.45859375 0.0234375 0.00703125
13 0.33515625 0.44296875 0.009375 0.00625
24 0.290625 0.5125 0.009375 0.00625
21 0.29375 0.5265625 0.009375 0.00625