8 0.23125 0.3796875 0.00859375 0.00625
14 0.234375 0.415625 0.009375 0.00625
6 0.31875 0.41796875 0.009375 0.00625
17 0.1828125 0.4828125 0.00859375 0.00625
1 0.24453125 0.5078125 0.009375 0.00625
12 0.21484375 0.5515625 0.00859375 0.00625
3 0.284375 0.58671875 0.00859375 0.00625
9 0.33828125 0.67890625 0.009375 0.00625
19 0.63515625 0.4109375 0.00859375 0.00625
16 0.59140625 0.42265625 0.00859375 0.00625
20 0.58984375 0.53984375 0.00859375 0.00625
15 0.278125 0.659375 0.009375 0.00625
10 0.24140625 0.60703125 0.009375 0.00625
2 0.18828125 0.5 0.009375 0.00625
0 0.24140625 0.52578125 0.009375 0.00625
18 0.21484375 0.446875 0.00859375 0.00625
7 0.34765625 0.3765625 0.009375 0.00625
22 0.27109375 0.39921875 0.0234375 0.00546875
4 0.26875 0.4078125 0.0234375 0.00546875
11 0.27734375 0.42890625 0.0171875 0.0046875
13 0.275 0.41796875 0.009375 0.00625
24 0.209375 0.5015625 0.009375 0.00625
21 0.22265625 0.52109375 0.00859375 0.00625