23 0.3359375 0.26171875 0.009375 0.00625
6 0.390625 0.38046875 0.009375 0.00625
17 0.29765625 0.425 0.00859375 0.00625
1 0.3328125 0.43984375 0.009375 0.00625
12 0.3234375 0.4796875 0.00859375 0.00625
3 0.35625 0.50390625 0.00859375 0.00625
9 0.353125 0.5671875 0.009375 0.00625
19 0.64375 0.39140625 0.00859375 0.00625
16 0.62109375 0.40078125 0.00859375 0.00625
20 0.61328125 0.47890625 0.00859375 0.00625
15 0.33125 0.55 0.009375 0.00625
10 0.3171875 0.51484375 0.009375 0.00625
2 0.3 0.43984375 0.009375 0.00625
0 0.340625 0.4546875 0.009375 0.00625
18 0.3171875 0.40078125 0.00859375 0.00625
7 0.4171875 0.3546875 0.009375 0.00625
22 0.35 0.35625 0.0234375 0.00546875
4 0.3453125 0.3671875 0.0234375 0.00546875
11 0.35625 0.3859375 0.0171875 0.0046875
13 0.35078125 0.375 0.009375 0.00625
24 0.3140625 0.43046875 0.009375 0.00625
21 0.32578125 0.45390625 0.00859375 0.00625