23 0.6140625 0.1109375 0.009375 0.0171875
8 0.65078125 0.2859375 0.009375 0.0171875
14 0.65078125 0.32265625 0.009375 0.0171875
6 0.61171875 0.340625 0.009375 0.0171875
17 0.6828125 0.4203125 0.00625 0.0125
21 0.659375 0.45546875 0.0078125 0.0109375
1 0.65390625 0.43203125 0.00859375 0.0140625
12 0.665625 0.4859375 0.00625 0.01015625
3 0.634375 0.528125 0.00703125 0.0109375
9 0.615625 0.63359375 0.00625 0.009375
19 0.43828125 0.31953125 0.009375 0.0171875
16 0.4734375 0.34765625 0.009375 0.0171875
20 0.475 0.4765625 0.00859375 0.0171875
2 0.67109375 0.44140625 0.00546875 0.00859375
24 0.66875 0.428125 0.00703125 0.01328125
10 0.66328125 0.54765625 0.00703125 0.009375
15 0.64453125 0.5984375 0.00625 0.0109375
22 0.63515625 0.3109375 0.02265625 0.01015625
11 0.6296875 0.353125 0.02421875 0.009375
13 0.63359375 0.33671875 0.01015625 0.0171875
7 0.61953125 0.28359375 0.01015625 0.0171875
18 0.66796875 0.38125 0.00703125 0.0140625
0 0.64765625 0.45546875 0.0078125 0.01015625
4 0.634375 0.32421875 0.02265625 0.009375