23 0.3375 0.2078125 0.00859375 0.0140625
8 0.334375 0.3921875 0.0078125 0.0109375
14 0.34921875 0.44375 0.0078125 0.0125
6 0.4046875 0.45078125 0.00703125 0.01171875
17 0.321875 0.5484375 0.0078125 0.0109375
1 0.35859375 0.56015625 0.0078125 0.01015625
12 0.34140625 0.6140625 0.0078125 0.0125
3 0.38125 0.6609375 0.00703125 0.01328125
9 0.4015625 0.77421875 0.00625 0.009375
19 0.58984375 0.415625 0.00859375 0.0140625
16 0.56171875 0.44375 0.0078125 0.01328125
20 0.5796875 0.56171875 0.00859375 0.0125
15 0.36953125 0.7421875 0.00625 0.00859375
10 0.35390625 0.68046875 0.00703125 0.01015625
2 0.33203125 0.57109375 0.00703125 0.009375
0 0.36171875 0.5828125 0.0078125 0.009375
18 0.3359375 0.49921875 0.00703125 0.01171875
7 0.3953125 0.3828125 0.00703125 0.01171875
22 0.3703125 0.42109375 0.02265625 0.00859375
4 0.36953125 0.43125 0.0234375 0.0078125
11 0.37578125 0.4703125 0.01796875 0.009375
13 0.37265625 0.4453125 0.009375 0.0125
24 0.33125 0.55 0.00703125 0.009375
21 0.3421875 0.58359375 0.00703125 0.01015625