23 0.76875 0.234375 0.009375 0.00703125
8 0.79609375 0.35390625 0.009375 0.00703125
14 0.77734375 0.4015625 0.009375 0.00703125
6 0.7171875 0.40390625 0.009375 0.00703125
17 0.828125 0.4765625 0.009375 0.00703125
21 0.79453125 0.50078125 0.009375 0.00703125
1 0.7796875 0.49296875 0.009375 0.00703125
12 0.80546875 0.5265625 0.009375 0.00703125
3 0.7453125 0.559375 0.009375 0.00703125
9 0.7328125 0.6453125 0.009375 0.00703125
19 0.3703125 0.37578125 0.009375 0.00703125
16 0.4375 0.4015625 0.009375 0.00703125
20 0.42890625 0.496875 0.009375 0.00703125
2 0.81484375 0.49453125 0.009375 0.00703125
24 0.80625 0.48359375 0.009375 0.00703125
10 0.78671875 0.575 0.009375 0.00703125
15 0.78203125 0.62109375 0.009375 0.00703125
4 0.75859375 0.3921875 0.03125 0.0046875
11 0.74765625 0.41484375 0.02578125 0.00546875
13 0.7515625 0.40234375 0.009375 0.00703125
7 0.7265625 0.36328125 0.009375 0.00703125
18 0.8 0.4421875 0.009375 0.00703125
0 0.78046875 0.50546875 0.009375 0.00703125