23 0.246875 0.23359375 0.009375 0.00625
8 0.2203125 0.3765625 0.00859375 0.00625
14 0.22265625 0.4140625 0.009375 0.00625
6 0.29453125 0.42421875 0.009375 0.00625
17 0.1765625 0.49921875 0.0078125 0.00625
1 0.23984375 0.509375 0.009375 0.00625
12 0.21875 0.5640625 0.00859375 0.00625
3 0.2703125 0.59375 0.0078125 0.00625
9 0.29609375 0.68359375 0.009375 0.00625
19 0.646875 0.39609375 0.009375 0.00625
16 0.5796875 0.415625 0.009375 0.00625
20 0.578125 0.525 0.00859375 0.00625
15 0.25078125 0.6625 0.009375 0.00625
10 0.2375 0.6078125 0.009375 0.00625
2 0.19296875 0.5171875 0.009375 0.00625
0 0.24765625 0.5296875 0.00859375 0.00625
18 0.196875 0.4671875 0.00859375 0.00625
7 0.27421875 0.37578125 0.009375 0.00625
4 0.23515625 0.41484375 0.0234375 0.00546875
11 0.2515625 0.4390625 0.0234375 0.00703125
13 0.24609375 0.42578125 0.009375 0.00625
24 0.20546875 0.5078125 0.009375 0.00625
21 0.2296875 0.52578125 0.00859375 0.00625
22 0.2375 0.40546875 0.0234375 0.00546875