23 0.39765625 0.23125 0.00859375 0.0140625
8 0.3859375 0.3734375 0.0078125 0.0109375
14 0.384375 0.41015625 0.0078125 0.0125
6 0.42890625 0.425 0.00703125 0.01171875
17 0.36328125 0.521875 0.0078125 0.0109375
1 0.39609375 0.52734375 0.0078125 0.01015625
12 0.39140625 0.58515625 0.0078125 0.0125
3 0.41875 0.61953125 0.00703125 0.01328125
9 0.45859375 0.7203125 0.00625 0.009375
19 0.5921875 0.41953125 0.0078125 0.0140625
16 0.565625 0.440625 0.0078125 0.01328125
20 0.5859375 0.56484375 0.00859375 0.0125
15 0.43515625 0.6953125 0.00625 0.00859375
10 0.39921875 0.64765625 0.00703125 0.01015625
2 0.37734375 0.54296875 0.00703125 0.009375
0 0.4015625 0.54921875 0.0078125 0.00859375
18 0.37265625 0.478125 0.00703125 0.01171875
7 0.421875 0.3765625 0.00703125 0.01171875
22 0.403125 0.39921875 0.02265625 0.00859375
4 0.4015625 0.4125 0.0234375 0.0078125
11 0.40703125 0.43984375 0.01796875 0.009375
13 0.40546875 0.42578125 0.009375 0.0125
24 0.38046875 0.525 0.00703125 0.009375
21 0.390625 0.5453125 0.00703125 0.01015625