23 0.7609375 0.1484375 0.00859375 0.0140625
8 0.790625 0.3703125 0.00859375 0.01328125
14 0.7859375 0.415625 0.009375 0.0140625
6 0.715625 0.434375 0.00859375 0.0125
22 0.746875 0.409375 0.0171875 0.009375
11 0.7390625 0.45625 0.015625 0.01015625
4 0.74375 0.43046875 0.01953125 0.01171875
13 0.74296875 0.44453125 0.00625 0.01015625
0 0.76875 0.6046875 0.01015625 0.01640625
17 0.83359375 0.57109375 0.0109375 0.0171875
24 0.80234375 0.5671875 0.0109375 0.01640625
1 0.77734375 0.5796875 0.01015625 0.015625
3 0.75234375 0.7 0.009375 0.0125
12 0.79375 0.653125 0.009375 0.01171875
10 0.77890625 0.721875 0.0078125 0.01328125
21 0.7890625 0.61015625 0.009375 0.01484375
15 0.771875 0.78515625 0.009375 0.01328125
9 0.74375 0.82734375 0.00859375 0.01328125
16 0.52109375 0.42421875 0.0078125 0.0125
19 0.490625 0.396875 0.00859375 0.01171875
20 0.528125 0.63671875 0.009375 0.01328125
2 0.80859375 0.60234375 0.00859375 0.01484375
7 0.68515625 0.375 0.00859375 0.0125