23 0.40078125 0.25859375 0.009375 0.00625
8 0.3890625 0.43046875 0.00859375 0.00625
14 0.39921875 0.4828125 0.009375 0.00625
6 0.465625 0.50390625 0.009375 0.00625
17 0.36328125 0.59765625 0.00859375 0.00625
1 0.40078125 0.621875 0.009375 0.00625
12 0.38046875 0.69453125 0.00859375 0.00625
3 0.4421875 0.7328125 0.00859375 0.00625
9 0.43984375 0.85 0.009375 0.00625
19 0.65 0.51328125 0.00859375 0.00625
16 0.628125 0.5421875 0.00859375 0.00625
20 0.63125 0.6828125 0.00859375 0.00625
15 0.4234375 0.8140625 0.009375 0.00625
10 0.41171875 0.7640625 0.009375 0.00625
2 0.36953125 0.621875 0.009375 0.00625
0 0.403125 0.6453125 0.009375 0.00625
18 0.378125 0.55625 0.00859375 0.00625
7 0.4796875 0.440625 0.009375 0.00625
22 0.42265625 0.465625 0.0234375 0.00546875
4 0.42109375 0.478125 0.0234375 0.00546875
11 0.42890625 0.51484375 0.0171875 0.00390625
13 0.425 0.49296875 0.009375 0.00625
24 0.3828125 0.60703125 0.009375 0.00625
21 0.38671875 0.6421875 0.00859375 0.00625