23 0.2734375 0.23828125 0.009375 0.00625
8 0.20078125 0.3859375 0.00859375 0.00625
14 0.215625 0.4265625 0.009375 0.00625
6 0.2890625 0.4296875 0.009375 0.00625
17 0.1453125 0.503125 0.00859375 0.00625
1 0.20390625 0.51640625 0.009375 0.00625
12 0.1859375 0.56875 0.00859375 0.00625
3 0.2453125 0.5859375 0.00859375 0.00625
9 0.246875 0.6828125 0.009375 0.00625
19 0.58203125 0.4015625 0.00859375 0.00625
16 0.5359375 0.428125 0.00859375 0.00625
20 0.5375 0.53515625 0.00859375 0.00625
15 0.2171875 0.65859375 0.009375 0.00625
10 0.2046875 0.6078125 0.009375 0.00625
2 0.15078125 0.521875 0.009375 0.00625
0 0.215625 0.53203125 0.009375 0.00625
18 0.1796875 0.471875 0.00859375 0.00625
7 0.3015625 0.39140625 0.009375 0.00625
22 0.24140625 0.40625 0.0234375 0.00546875
4 0.240625 0.41484375 0.0234375 0.00546875
11 0.24765625 0.43984375 0.0171875 0.0046875
13 0.24296875 0.42265625 0.0078125 0.0078125
24 0.171875 0.51328125 0.009375 0.00625
21 0.19765625 0.53671875 0.00859375 0.00625