23 0.7203125 0.34375 0.009375 0.00703125
8 0.753125 0.434375 0.009375 0.00703125
14 0.7515625 0.45859375 0.009375 0.00703125
6 0.7109375 0.46328125 0.009375 0.00703125
17 0.79921875 0.5078125 0.009375 0.00703125
21 0.775 0.53046875 0.009375 0.00703125
1 0.7671875 0.51640625 0.009375 0.00703125
12 0.78125 0.55546875 0.009375 0.00703125
3 0.746875 0.57109375 0.009375 0.00703125
9 0.7296875 0.63125 0.009375 0.00703125
19 0.484375 0.47421875 0.009375 0.00703125
16 0.52734375 0.48515625 0.009375 0.00703125
20 0.528125 0.5640625 0.00859375 0.00703125
2 0.790625 0.52265625 0.009375 0.00703125
24 0.7875 0.5140625 0.009375 0.00703125
10 0.775 0.58203125 0.009375 0.00703125
15 0.759375 0.61484375 0.009375 0.00703125
11 0.73515625 0.46796875 0.0265625 0.00546875
13 0.7359375 0.459375 0.009375 0.00703125
7 0.728125 0.4359375 0.01015625 0.00703125
18 0.78203125 0.490625 0.009375 0.00703125
0 0.7625 0.52890625 0.009375 0.00703125
4 0.74140625 0.45390625 0.03125 0.0046875
22 0.74296875 0.4453125 0.03125 0.0046875