23 0.43046875 0.221875 0.0078125 0.0140625
8 0.40390625 0.40078125 0.0078125 0.0109375
14 0.41171875 0.446875 0.0078125 0.01328125
6 0.45390625 0.446875 0.00703125 0.01171875
17 0.3765625 0.5609375 0.00859375 0.0109375
1 0.41328125 0.56953125 0.0078125 0.01015625
12 0.39453125 0.62421875 0.0078125 0.0125
3 0.4359375 0.65703125 0.00703125 0.0125
9 0.4515625 0.775 0.00625 0.00859375
19 0.64296875 0.40859375 0.00859375 0.0140625
16 0.603125 0.44453125 0.0078125 0.01328125
20 0.6109375 0.57265625 0.0078125 0.0125
15 0.42890625 0.7453125 0.00625 0.00859375
10 0.40234375 0.68359375 0.00703125 0.01015625
2 0.38828125 0.58203125 0.00703125 0.009375
0 0.41796875 0.58984375 0.00703125 0.01015625
18 0.39296875 0.5109375 0.00703125 0.01171875
7 0.4515625 0.4 0.00703125 0.01171875
4 0.42578125 0.43203125 0.0234375 0.0078125
11 0.43125 0.46328125 0.01796875 0.009375
13 0.42734375 0.446875 0.009375 0.0125
24 0.38984375 0.56328125 0.00703125 0.009375
21 0.4 0.590625 0.00703125 0.01015625