23 0.184375 0.15859375 0.009375 0.00625
8 0.16171875 0.28515625 0.009375 0.00625
14 0.17421875 0.31875 0.0078125 0.00625
6 0.23828125 0.31875 0.009375 0.00625
17 0.13125 0.384375 0.00859375 0.00625
1 0.18203125 0.396875 0.009375 0.00625
12 0.159375 0.434375 0.0078125 0.00625
3 0.2109375 0.4609375 0.0078125 0.00625
9 0.259375 0.540625 0.009375 0.00625
19 0.52265625 0.30234375 0.00859375 0.00625
16 0.478125 0.321875 0.00859375 0.00625
20 0.48046875 0.41171875 0.009375 0.00625
15 0.2 0.51484375 0.009375 0.00625
10 0.16640625 0.48046875 0.009375 0.00625
2 0.146875 0.3984375 0.009375 0.00625
0 0.184375 0.41171875 0.009375 0.00625
18 0.15390625 0.359375 0.009375 0.00625
7 0.22734375 0.278125 0.009375 0.00625
4 0.18828125 0.31171875 0.0234375 0.00546875
11 0.20390625 0.33203125 0.02265625 0.00703125
13 0.2 0.31875 0.00859375 0.00625
24 0.15390625 0.3890625 0.009375 0.00625
21 0.16484375 0.409375 0.009375 0.00625
22 0.18671875 0.30546875 0.021875 0.00546875