23 0.35234375 0.2578125 0.009375 0.00625
8 0.31171875 0.35390625 0.009375 0.00625
14 0.30859375 0.38125 0.0078125 0.00625
6 0.353125 0.390625 0.009375 0.00625
17 0.26875 0.4296875 0.00859375 0.00625
1 0.30234375 0.4375 0.009375 0.00625
12 0.28203125 0.46796875 0.00703125 0.00625
3 0.31171875 0.49296875 0.0078125 0.00625
9 0.328125 0.553125 0.009375 0.00625
19 0.559375 0.38125 0.009375 0.00625
16 0.52265625 0.39765625 0.00859375 0.00625
20 0.5328125 0.4625 0.00859375 0.00625
15 0.2984375 0.53671875 0.009375 0.00625
10 0.28671875 0.50859375 0.009375 0.00625
2 0.27890625 0.4421875 0.0078125 0.00625
0 0.3046875 0.4484375 0.009375 0.00625
18 0.2875 0.40859375 0.00859375 0.00625
7 0.346875 0.3609375 0.009375 0.00625
11 0.3265625 0.39921875 0.0234375 0.00703125
13 0.3203125 0.38984375 0.0078125 0.00625
24 0.2828125 0.4328125 0.009375 0.00625
21 0.2921875 0.4484375 0.00859375 0.00625
4 0.31484375 0.38046875 0.02265625 0.00546875