23 0.76953125 0.16875 0.009375 0.00625
8 0.80390625 0.303125 0.009375 0.00703125
14 0.790625 0.33125 0.009375 0.00546875
0 0.7765625 0.44140625 0.009375 0.00546875
1 0.7859375 0.42734375 0.009375 0.00546875
24 0.8109375 0.41796875 0.00859375 0.00546875
17 0.83828125 0.41171875 0.009375 0.00546875
21 0.79296875 0.4375 0.00859375 0.00546875
12 0.8078125 0.4671875 0.009375 0.00625
10 0.775 0.51640625 0.0078125 0.0046875
3 0.75390625 0.50390625 0.00859375 0.00546875
15 0.76640625 0.54609375 0.00859375 0.00546875
9 0.7359375 0.57109375 0.0078125 0.0046875
6 0.72265625 0.3421875 0.009375 0.00546875
19 0.42265625 0.47578125 0.009375 0.00546875
20 0.3453125 0.34140625 0.01015625 0.00546875
16 0.403125 0.3484375 0.01015625 0.00625
22 0.7640625 0.32109375 0.028125 0.00546875
4 0.7625 0.3296875 0.028125 0.00546875
11 0.75 0.3546875 0.01796875 0.00546875
13 0.75390625 0.3390625 0.0078125 0.0046875
7 0.6984375 0.3125 0.009375 0.00625
2 0.815625 0.43046875 0.00859375 0.0046875