23 0.625 0.23828125 0.009375 0.00703125
8 0.66484375 0.334375 0.009375 0.00703125
14 0.66015625 0.3640625 0.009375 0.00703125
6 0.62421875 0.36953125 0.009375 0.00703125
17 0.69921875 0.42734375 0.009375 0.00703125
21 0.66796875 0.45078125 0.009375 0.00703125
1 0.6703125 0.4375 0.009375 0.00703125
12 0.67578125 0.4734375 0.009375 0.00703125
3 0.63203125 0.49375 0.009375 0.00703125
9 0.61796875 0.55625 0.009375 0.00703125
19 0.4125 0.359375 0.009375 0.00703125
16 0.43125 0.37265625 0.00859375 0.00703125
20 0.4234375 0.44921875 0.00859375 0.00703125
2 0.6875 0.440625 0.009375 0.00703125
24 0.68828125 0.4328125 0.009375 0.00703125
10 0.6609375 0.50625 0.009375 0.00703125
15 0.64140625 0.540625 0.009375 0.00703125
11 0.6453125 0.378125 0.0265625 0.00546875
13 0.653125 0.36640625 0.009375 0.00703125
7 0.63359375 0.3359375 0.01015625 0.00703125
18 0.68359375 0.40703125 0.009375 0.00703125
0 0.65625 0.45078125 0.009375 0.00703125
4 0.653125 0.3578125 0.03125 0.0046875