23 0.39296875 0.22734375 0.0078125 0.0140625
8 0.3828125 0.39609375 0.0078125 0.0109375
14 0.3875 0.4421875 0.0078125 0.01328125
6 0.42109375 0.453125 0.00703125 0.01171875
17 0.36171875 0.5546875 0.00859375 0.0109375
1 0.39140625 0.565625 0.0078125 0.01015625
12 0.38203125 0.61796875 0.00859375 0.0125
3 0.4140625 0.65390625 0.00703125 0.01328125
9 0.434375 0.753125 0.00625 0.00859375
19 0.58359375 0.41640625 0.00859375 0.0140625
16 0.55703125 0.45234375 0.0078125 0.01328125
20 0.57421875 0.5828125 0.0078125 0.0125
15 0.409375 0.7265625 0.00625 0.00859375
10 0.39375 0.678125 0.00703125 0.01015625
2 0.37265625 0.5765625 0.00703125 0.009375
0 0.3953125 0.5828125 0.00703125 0.01015625
18 0.37265625 0.5109375 0.00703125 0.01171875
7 0.41171875 0.396875 0.00703125 0.01171875
4 0.390625 0.4359375 0.0234375 0.0078125
11 0.4 0.46953125 0.01796875 0.009375
13 0.3953125 0.45078125 0.009375 0.0125
24 0.375 0.56015625 0.00703125 0.009375
21 0.38515625 0.5859375 0.00703125 0.01015625