23 0.275 0.22578125 0.0109375 0.00703125
8 0.228125 0.35625 0.0140625 0.009375
14 0.228125 0.3703125 0.01484375 0.009375
6 0.33125 0.41015625 0.01328125 0.009375
22 0.2640625 0.38125 0.0265625 0.00625
4 0.26328125 0.390625 0.02890625 0.00703125
11 0.2796875 0.41796875 0.0296875 0.00703125
13 0.271875 0.40390625 0.0171875 0.01015625
17 0.153125 0.45546875 0.01640625 0.009375
24 0.1875 0.46171875 0.01640625 0.01015625
1 0.228125 0.478125 0.01640625 0.009375
0 0.23515625 0.49765625 0.01640625 0.009375
12 0.19375 0.5265625 0.01328125 0.0078125
3 0.2546875 0.56484375 0.01171875 0.0078125
10 0.221875 0.5671875 0.0125 0.0078125
15 0.2296875 0.60859375 0.0125 0.0078125
9 0.2609375 0.63125 0.0140625 0.0078125
16 0.6296875 0.4046875 0.0125 0.009375
19 0.7046875 0.38203125 0.01640625 0.01015625
20 0.63671875 0.52421875 0.01640625 0.01015625
7 0.36953125 0.36171875 0.0171875 0.01015625
21 0.20859375 0.48671875 0.01640625 0.009375
2 0.1828125 0.47890625 0.01640625 0.01015625