23 0.253125 0.2875 0.009375 0.00625
8 0.24140625 0.39453125 0.009375 0.00625
14 0.24609375 0.42734375 0.00859375 0.00625
6 0.321875 0.42890625 0.009375 0.00625
17 0.20546875 0.503125 0.0078125 0.00625
1 0.2578125 0.50859375 0.009375 0.00625
12 0.24453125 0.5453125 0.00703125 0.00625
3 0.29921875 0.56875 0.00859375 0.00625
9 0.30859375 0.65390625 0.009375 0.00625
19 0.603125 0.39765625 0.00859375 0.00625
16 0.5546875 0.41328125 0.009375 0.00625
20 0.57109375 0.5109375 0.00859375 0.00625
15 0.275 0.63359375 0.009375 0.00625
10 0.25625 0.5890625 0.009375 0.00625
2 0.221875 0.51796875 0.00859375 0.00625
0 0.26484375 0.525 0.009375 0.00625
18 0.2328125 0.46640625 0.00859375 0.00625
7 0.309375 0.38203125 0.009375 0.00625
4 0.26953125 0.421875 0.02265625 0.00546875
11 0.28359375 0.44296875 0.0234375 0.00703125
13 0.27890625 0.43046875 0.00859375 0.00625
24 0.23359375 0.50234375 0.009375 0.00625
21 0.24375 0.525 0.009375 0.00625
22 0.27265625 0.409375 0.02265625 0.00546875