23 0.3390625 0.35 0.009375 0.00625
8 0.3234375 0.45234375 0.009375 0.00625
14 0.33203125 0.4859375 0.00859375 0.00625
6 0.37578125 0.4859375 0.009375 0.00625
17 0.3 0.53671875 0.00859375 0.00625
1 0.33046875 0.54609375 0.009375 0.00625
12 0.32421875 0.5734375 0.00703125 0.00625
3 0.35078125 0.59375 0.0078125 0.00625
9 0.378125 0.6546875 0.009375 0.00625
19 0.60859375 0.4515625 0.00859375 0.00625
16 0.56640625 0.46484375 0.009375 0.00625
20 0.58125 0.5546875 0.00859375 0.00625
15 0.353125 0.63984375 0.009375 0.00625
10 0.33515625 0.60625 0.009375 0.00625
2 0.30625 0.54765625 0.00859375 0.00625
0 0.33828125 0.5578125 0.00859375 0.00625
18 0.3171875 0.51796875 0.00859375 0.00625
7 0.3515625 0.45390625 0.009375 0.00625
22 0.33359375 0.47265625 0.02265625 0.00546875
11 0.346875 0.496875 0.0234375 0.00703125
13 0.340625 0.4859375 0.0078125 0.00625
24 0.3109375 0.540625 0.009375 0.00625
21 0.334375 0.55859375 0.009375 0.00625
4 0.33359375 0.478125 0.02265625 0.00546875