14 0.81171875 0.4125 0.009375 0.00703125
6 0.73203125 0.42265625 0.009375 0.00703125
17 0.89296875 0.50546875 0.009375 0.00703125
21 0.8296875 0.54453125 0.009375 0.00703125
1 0.80703125 0.52734375 0.009375 0.00703125
12 0.8296875 0.5828125 0.009375 0.00703125
3 0.77421875 0.61171875 0.009375 0.00703125
9 0.753125 0.70703125 0.009375 0.00703125
19 0.3359375 0.409375 0.009375 0.00703125
16 0.39453125 0.4296875 0.009375 0.00703125
20 0.40390625 0.56015625 0.009375 0.00703125
2 0.88125 0.52421875 0.009375 0.00703125
24 0.84921875 0.52265625 0.009375 0.00703125
10 0.80859375 0.61875 0.009375 0.00703125
15 0.79609375 0.68515625 0.009375 0.00703125
22 0.7875 0.39609375 0.03125 0.00546875
4 0.7890625 0.4046875 0.03125 0.0046875
11 0.7703125 0.43125 0.02578125 0.00546875
13 0.77890625 0.4171875 0.009375 0.00703125
7 0.72109375 0.37578125 0.009375 0.00703125
18 0.85078125 0.4578125 0.009375 0.00703125
0 0.8078125 0.54375 0.009375 0.00703125