23 0.209375 0.42421875 0.00625 0.0046875
14 0.24453125 0.534375 0.00859375 0.00546875
8 0.228125 0.50859375 0.00703125 0.0046875
4 0.24921875 0.52578125 0.0265625 0.0046875
11 0.26328125 0.5421875 0.01953125 0.003125
6 0.28359375 0.5328125 0.00703125 0.0046875
13 0.25859375 0.53203125 0.00703125 0.0046875
17 0.20859375 0.59296875 0.009375 0.00546875
1 0.25 0.60625 0.00703125 0.0046875
24 0.23125 0.60078125 0.0078125 0.00546875
0 0.25859375 0.61640625 0.00703125 0.0046875
21 0.2484375 0.61328125 0.00703125 0.0046875
12 0.23984375 0.64140625 0.00703125 0.0046875
3 0.290625 0.66328125 0.00703125 0.0046875
10 0.2765625 0.68125 0.00703125 0.0046875
15 0.2953125 0.709375 0.00703125 0.0046875
9 0.3265625 0.72890625 0.00625 0.00390625
19 0.496875 0.48828125 0.0109375 0.00546875
20 0.5234375 0.5953125 0.01015625 0.00703125
16 0.465625 0.5078125 0.0109375 0.0078125
7 0.2828125 0.5109375 0.00703125 0.0046875
2 0.22578125 0.6078125 0.0078125 0.00546875