23 0.68515625 0.3234375 0.009375 0.00703125
8 0.71875 0.41953125 0.009375 0.00703125
14 0.7234375 0.44296875 0.009375 0.00703125
6 0.6609375 0.45390625 0.009375 0.00703125
17 0.76015625 0.50078125 0.009375 0.00703125
21 0.72890625 0.5234375 0.009375 0.00703125
1 0.72109375 0.51015625 0.009375 0.00703125
12 0.7359375 0.5421875 0.009375 0.00703125
3 0.6921875 0.565625 0.009375 0.00703125
9 0.6640625 0.63671875 0.009375 0.00703125
19 0.38359375 0.4359375 0.009375 0.00703125
16 0.43828125 0.45625 0.009375 0.00703125
20 0.44609375 0.5328125 0.009375 0.00703125
2 0.7484375 0.5140625 0.009375 0.00703125
24 0.74453125 0.50625 0.009375 0.00703125
10 0.725 0.584375 0.009375 0.00703125
15 0.69296875 0.62265625 0.009375 0.00703125
11 0.6921875 0.45859375 0.0265625 0.00546875
13 0.6953125 0.45390625 0.009375 0.00703125
7 0.66953125 0.41953125 0.01015625 0.00703125
18 0.7375 0.475 0.009375 0.00703125
0 0.71796875 0.5203125 0.009375 0.00703125
4 0.7015625 0.434375 0.03203125 0.0046875
22 0.70078125 0.44375 0.03203125 0.0046875