23 0.26171875 0.2796875 0.009375 0.00625
8 0.1890625 0.43359375 0.00859375 0.00625
14 0.19453125 0.46875 0.009375 0.00625
6 0.2953125 0.47421875 0.009375 0.00625
17 0.13671875 0.54921875 0.0078125 0.00625
1 0.20234375 0.553125 0.009375 0.00625
12 0.17734375 0.6015625 0.00859375 0.00625
3 0.24296875 0.6265625 0.0078125 0.00625
9 0.26796875 0.703125 0.009375 0.00625
19 0.609375 0.4453125 0.009375 0.00625
16 0.5484375 0.46875 0.00859375 0.00625
20 0.571875 0.565625 0.00859375 0.00625
15 0.22890625 0.68203125 0.009375 0.00625
10 0.196875 0.64453125 0.009375 0.00625
2 0.15546875 0.5640625 0.009375 0.00625
0 0.20625 0.57578125 0.00859375 0.00625
18 0.165625 0.5078125 0.00859375 0.00625
7 0.2765625 0.4359375 0.009375 0.00625
4 0.23046875 0.4609375 0.0234375 0.00546875
11 0.23828125 0.48125 0.0234375 0.00703125
13 0.23671875 0.47109375 0.009375 0.00625
24 0.16953125 0.55 0.009375 0.00625
21 0.175 0.57109375 0.00859375 0.00625
22 0.23046875 0.45546875 0.0234375 0.00546875