23 0.73046875 0.1953125 0.009375 0.00703125
8 0.76171875 0.3109375 0.009375 0.00703125
14 0.74453125 0.340625 0.009375 0.00703125
6 0.67109375 0.3453125 0.009375 0.00703125
17 0.7984375 0.39765625 0.009375 0.00703125
21 0.7703125 0.42578125 0.009375 0.00703125
1 0.74921875 0.41328125 0.009375 0.00703125
12 0.7734375 0.4515625 0.009375 0.00703125
3 0.7203125 0.47421875 0.015625 0.00625
9 0.715625 0.54375 0.009375 0.00703125
19 0.3921875 0.31171875 0.009375 0.00703125
16 0.43984375 0.3265625 0.009375 0.00703125
20 0.4625 0.4234375 0.009375 0.00703125
2 0.79140625 0.41484375 0.009375 0.00703125
24 0.77890625 0.40859375 0.009375 0.00703125
10 0.76796875 0.48984375 0.009375 0.00703125
15 0.74921875 0.52578125 0.009375 0.00703125
22 0.7203125 0.3265625 0.03125 0.00546875
4 0.72109375 0.334375 0.03125 0.0046875
11 0.70859375 0.353125 0.02578125 0.00546875
13 0.7171875 0.34140625 0.009375 0.00703125
7 0.67578125 0.3140625 0.009375 0.00703125
18 0.77421875 0.3734375 0.009375 0.00703125
0 0.746875 0.4265625 0.009375 0.00703125