23 0.6625 0.1640625 0.009375 0.00703125
8 0.725 0.31015625 0.009375 0.00703125
14 0.70546875 0.34140625 0.009375 0.00703125
6 0.63828125 0.34375 0.009375 0.00703125
17 0.7625 0.415625 0.009375 0.00703125
21 0.7234375 0.4390625 0.009375 0.00703125
1 0.715625 0.42578125 0.009375 0.00703125
12 0.73828125 0.4671875 0.009375 0.00703125
3 0.68046875 0.48984375 0.009375 0.00703125
9 0.67109375 0.559375 0.009375 0.00703125
19 0.35625 0.346875 0.009375 0.00703125
16 0.39921875 0.36328125 0.00859375 0.00703125
20 0.40703125 0.45859375 0.00859375 0.00703125
2 0.74453125 0.43125 0.009375 0.00703125
24 0.7453125 0.42109375 0.009375 0.00703125
10 0.72734375 0.5 0.009375 0.00703125
15 0.71171875 0.5359375 0.009375 0.00703125
11 0.67734375 0.35625 0.0265625 0.00546875
13 0.67578125 0.34140625 0.009375 0.00703125
7 0.6609375 0.31015625 0.01015625 0.00703125
18 0.7375 0.38984375 0.009375 0.00703125
0 0.7109375 0.440625 0.009375 0.00703125
4 0.68671875 0.3265625 0.03125 0.0046875