23 0.73828125 0.234375 0.009375 0.00703125
8 0.77265625 0.3453125 0.009375 0.00703125
14 0.759375 0.3828125 0.009375 0.00703125
6 0.7140625 0.38828125 0.009375 0.00703125
17 0.803125 0.4609375 0.009375 0.00703125
21 0.7734375 0.48828125 0.009375 0.00703125
1 0.76796875 0.4734375 0.009375 0.00703125
12 0.77578125 0.515625 0.009375 0.00703125
3 0.7234375 0.534375 0.009375 0.00703125
9 0.6828125 0.609375 0.009375 0.00703125
19 0.42109375 0.38046875 0.009375 0.00703125
16 0.47265625 0.3921875 0.009375 0.00703125
20 0.47890625 0.50078125 0.009375 0.00703125
2 0.79609375 0.47734375 0.009375 0.00703125
24 0.78984375 0.4671875 0.009375 0.00703125
10 0.7625 0.553125 0.009375 0.00703125
15 0.725 0.5921875 0.009375 0.00703125
22 0.7515625 0.37421875 0.03125 0.0046875
11 0.7421875 0.4 0.0265625 0.00546875
13 0.7453125 0.38828125 0.009375 0.00703125
7 0.73828125 0.3484375 0.01015625 0.00703125
18 0.7875 0.43671875 0.009375 0.00703125
0 0.75546875 0.4875 0.009375 0.00703125
4 0.746875 0.3796875 0.03203125 0.0046875