23 0.6625 0.26796875 0.009375 0.00703125
8 0.69453125 0.3640625 0.009375 0.00703125
14 0.6875 0.39296875 0.009375 0.00703125
6 0.63984375 0.3984375 0.009375 0.00703125
17 0.728125 0.45703125 0.009375 0.00703125
21 0.69453125 0.4765625 0.009375 0.00703125
1 0.6875 0.46484375 0.009375 0.00703125
12 0.7015625 0.5 0.009375 0.00703125
3 0.6640625 0.51953125 0.009375 0.00703125
9 0.62421875 0.5875 0.009375 0.00703125
19 0.43046875 0.3828125 0.009375 0.00703125
16 0.4546875 0.39296875 0.009375 0.00703125
20 0.4265625 0.4734375 0.009375 0.00703125
2 0.7171875 0.4703125 0.009375 0.00703125
24 0.71015625 0.46171875 0.009375 0.00703125
10 0.6859375 0.5375 0.009375 0.00703125
15 0.65859375 0.5734375 0.009375 0.00703125
11 0.665625 0.409375 0.0265625 0.00546875
13 0.6734375 0.396875 0.009375 0.00703125
7 0.6609375 0.359375 0.01015625 0.00703125
18 0.70390625 0.4296875 0.009375 0.00703125
0 0.6828125 0.4765625 0.009375 0.00703125
4 0.67890625 0.390625 0.03203125 0.0046875
22 0.67890625 0.38515625 0.03203125 0.0046875