23 0.64609375 0.14140625 0.01015625 0.0171875
8 0.69921875 0.31875 0.009375 0.0171875
14 0.69765625 0.378125 0.009375 0.0171875
6 0.653125 0.3765625 0.01015625 0.0171875
17 0.72421875 0.46171875 0.00625 0.0125
21 0.70234375 0.49453125 0.0078125 0.0109375
1 0.696875 0.475 0.00859375 0.0140625
12 0.70859375 0.53515625 0.00625 0.01015625
3 0.6859375 0.57109375 0.00703125 0.0109375
9 0.67265625 0.68046875 0.00625 0.009375
19 0.48671875 0.33828125 0.009375 0.0171875
16 0.5171875 0.38125 0.009375 0.0171875
20 0.50078125 0.50625 0.009375 0.0171875
2 0.71953125 0.4828125 0.00546875 0.009375
24 0.715625 0.47109375 0.00703125 0.01328125
10 0.70078125 0.5859375 0.00703125 0.009375
15 0.6921875 0.64375 0.00625 0.0109375
4 0.68125 0.36796875 0.021875 0.0078125
11 0.67734375 0.3921875 0.0234375 0.00703125
13 0.68046875 0.37734375 0.009375 0.0171875
7 0.6671875 0.32421875 0.009375 0.0171875
18 0.70859375 0.41796875 0.00703125 0.01328125
0 0.69375 0.503125 0.0078125 0.01015625