23 0.63203125 0.365625 0.009375 0.00703125
8 0.68125 0.465625 0.009375 0.00703125
14 0.678125 0.48828125 0.009375 0.00703125
6 0.621875 0.4984375 0.009375 0.00703125
17 0.71875 0.55390625 0.009375 0.00703125
21 0.6890625 0.57265625 0.009375 0.00703125
1 0.6796875 0.5609375 0.009375 0.00703125
12 0.69296875 0.5890625 0.009375 0.00703125
3 0.64765625 0.609375 0.009375 0.00703125
9 0.6375 0.66796875 0.009375 0.00703125
19 0.371875 0.48984375 0.009375 0.00703125
16 0.428125 0.50078125 0.009375 0.00703125
20 0.4296875 0.5734375 0.009375 0.00703125
2 0.70859375 0.56875 0.009375 0.00703125
24 0.70546875 0.559375 0.009375 0.00703125
10 0.68125 0.621875 0.009375 0.00703125
15 0.66328125 0.65390625 0.009375 0.00703125
11 0.6515625 0.51171875 0.0265625 0.00546875
13 0.65703125 0.49921875 0.009375 0.00703125
7 0.6484375 0.4671875 0.01015625 0.00703125
18 0.690625 0.5234375 0.009375 0.00703125
0 0.678125 0.571875 0.009375 0.00703125
4 0.65703125 0.4921875 0.03203125 0.0046875
22 0.6609375 0.4859375 0.03203125 0.0046875