23 0.32421875 0.321875 0.009375 0.00625
8 0.30078125 0.4109375 0.009375 0.00625
14 0.309375 0.43984375 0.0078125 0.00625
6 0.3546875 0.44609375 0.009375 0.00625
17 0.275 0.50625 0.00859375 0.00625
1 0.31484375 0.51328125 0.009375 0.00625
12 0.3078125 0.5484375 0.0078125 0.00625
3 0.34921875 0.56875 0.00859375 0.00625
9 0.371875 0.6296875 0.009375 0.00625
19 0.553125 0.41875 0.00859375 0.00625
16 0.53984375 0.4375 0.00859375 0.00625
20 0.56015625 0.5140625 0.009375 0.00625
15 0.34375 0.6109375 0.009375 0.00625
10 0.3234375 0.58125 0.009375 0.00625
2 0.2890625 0.51875 0.009375 0.00625
0 0.32109375 0.5265625 0.009375 0.00625
18 0.29296875 0.4796875 0.009375 0.00625
7 0.34375 0.4109375 0.009375 0.00625
4 0.31953125 0.43515625 0.02265625 0.00546875
11 0.3296875 0.45546875 0.0234375 0.00703125
13 0.3234375 0.4453125 0.00859375 0.00625
24 0.29140625 0.51015625 0.009375 0.00625
21 0.31015625 0.52890625 0.009375 0.00625