23 0.2625 0.25390625 0.009375 0.00625
8 0.2375 0.36015625 0.009375 0.00625
14 0.23671875 0.384375 0.00859375 0.00625
6 0.3234375 0.38984375 0.009375 0.00625
17 0.20859375 0.465625 0.00859375 0.00625
1 0.26328125 0.46796875 0.009375 0.00625
12 0.2484375 0.5 0.0078125 0.00625
3 0.3125 0.51875 0.0078125 0.00625
9 0.353125 0.5828125 0.009375 0.00625
19 0.56328125 0.37265625 0.00859375 0.00625
16 0.51640625 0.3984375 0.00859375 0.00625
20 0.51953125 0.4671875 0.00859375 0.00625
15 0.31328125 0.5703125 0.009375 0.00625
10 0.28046875 0.5375 0.009375 0.00625
2 0.22578125 0.4796875 0.009375 0.00625
0 0.26796875 0.48046875 0.009375 0.00625
18 0.21796875 0.43984375 0.009375 0.00625
7 0.309375 0.3546875 0.00859375 0.00625
4 0.2796875 0.38203125 0.02265625 0.00546875
11 0.2890625 0.40078125 0.0234375 0.00703125
13 0.28359375 0.390625 0.00859375 0.00625
24 0.23125 0.46796875 0.009375 0.00625
21 0.24453125 0.48203125 0.009375 0.00625
22 0.28203125 0.37265625 0.02265625 0.00546875