23 0.38359375 0.19375 0.00859375 0.0140625
8 0.36875 0.32578125 0.0078125 0.0109375
14 0.36640625 0.37578125 0.0078125 0.01328125
6 0.41171875 0.38046875 0.00703125 0.01171875
17 0.340625 0.484375 0.0078125 0.0109375
1 0.3703125 0.48828125 0.0078125 0.01015625
12 0.3640625 0.54609375 0.00859375 0.0125
3 0.39921875 0.5875 0.00703125 0.01328125
9 0.40859375 0.696875 0.00625 0.00859375
19 0.56640625 0.39609375 0.00859375 0.0140625
16 0.54765625 0.41875 0.0078125 0.01328125
20 0.55859375 0.54375 0.0078125 0.0125
15 0.38359375 0.66171875 0.00625 0.009375
10 0.371875 0.60859375 0.00703125 0.01015625
2 0.35234375 0.50234375 0.00703125 0.009375
0 0.37578125 0.5125 0.00703125 0.01015625
18 0.35546875 0.4265625 0.00703125 0.0109375
7 0.39921875 0.31796875 0.00703125 0.0125
4 0.38515625 0.35703125 0.0234375 0.0078125
11 0.39296875 0.38828125 0.01796875 0.009375
13 0.3890625 0.371875 0.009375 0.0125
24 0.353125 0.48515625 0.00703125 0.009375
21 0.36796875 0.515625 0.00703125 0.01015625
22 0.3875 0.3375 0.02421875 0.009375