23 0.41171875 0.24921875 0.00859375 0.00625
8 0.35546875 0.35859375 0.00859375 0.00625
14 0.36328125 0.3859375 0.009375 0.00625
6 0.40546875 0.390625 0.009375 0.00625
17 0.3171875 0.43828125 0.0078125 0.00625
1 0.353125 0.44609375 0.009375 0.00625
12 0.33515625 0.48515625 0.00859375 0.00625
3 0.37109375 0.50546875 0.0078125 0.00625
9 0.4078125 0.5625 0.009375 0.00625
19 0.62734375 0.3765625 0.009375 0.00625
16 0.59296875 0.3875 0.00859375 0.00625
20 0.6015625 0.4734375 0.00859375 0.00625
15 0.3796875 0.55 0.009375 0.00625
10 0.3484375 0.5171875 0.009375 0.00625
2 0.3328125 0.45390625 0.009375 0.00625
0 0.3609375 0.46328125 0.00859375 0.00625
18 0.33828125 0.4171875 0.00859375 0.00625
7 0.396875 0.35546875 0.009375 0.00625
4 0.37265625 0.3859375 0.0234375 0.00546875
11 0.38046875 0.39921875 0.0234375 0.00703125
13 0.37890625 0.39140625 0.009375 0.00625
24 0.33203125 0.44453125 0.009375 0.00625
21 0.3421875 0.46015625 0.00859375 0.00625
22 0.3734375 0.37734375 0.0234375 0.00546875