23 0.41015625 0.203125 0.009375 0.01328125
8 0.3890625 0.40859375 0.009375 0.01484375
14 0.390625 0.44609375 0.009375 0.01328125
6 0.46328125 0.46328125 0.0078125 0.01171875
22 0.43515625 0.434375 0.0234375 0.0125
4 0.4359375 0.4515625 0.0265625 0.0109375
11 0.43828125 0.48046875 0.021875 0.01171875
13 0.43828125 0.46328125 0.00703125 0.0109375
17 0.3453125 0.5859375 0.0078125 0.0125
24 0.37421875 0.5875 0.00859375 0.0125
1 0.39921875 0.5953125 0.00703125 0.0109375
0 0.40625 0.61875 0.00859375 0.0125
12 0.384375 0.66875 0.00859375 0.0125
3 0.42421875 0.703125 0.0078125 0.0125
10 0.39375 0.7328125 0.0078125 0.01171875
21 0.38515625 0.62421875 0.00703125 0.01171875
15 0.403125 0.8078125 0.00703125 0.0109375
9 0.42734375 0.83828125 0.0078125 0.0109375
16 0.6484375 0.4625 0.0078125 0.0125
19 0.684375 0.43125 0.00859375 0.01171875
20 0.63515625 0.64921875 0.009375 0.0125
7 0.49296875 0.40625 0.0078125 0.0125
2 0.37109375 0.6171875 0.00703125 0.0109375