23 0.69765625 0.190625 0.01015625 0.00703125
8 0.74921875 0.3921875 0.009375 0.00703125
14 0.746875 0.44921875 0.009375 0.00703125
6 0.66953125 0.4515625 0.01015625 0.00703125
17 0.77265625 0.54765625 0.01015625 0.00703125
21 0.7484375 0.59296875 0.009375 0.00703125
1 0.734375 0.5796875 0.009375 0.00703125
12 0.75078125 0.6484375 0.009375 0.00703125
3 0.70546875 0.6828125 0.009375 0.00703125
9 0.6921875 0.7828125 0.009375 0.00703125
19 0.48203125 0.3828125 0.009375 0.00703125
16 0.51953125 0.43203125 0.009375 0.00703125
20 0.5125 0.575 0.009375 0.00703125
2 0.77109375 0.56328125 0.01015625 0.00703125
24 0.75859375 0.5609375 0.009375 0.00703125
10 0.73203125 0.70546875 0.01015625 0.00703125
15 0.71484375 0.75703125 0.009375 0.00703125
22 0.71328125 0.41953125 0.03125 0.00546875
4 0.709375 0.43671875 0.03125 0.0046875
11 0.709375 0.46171875 0.02578125 0.00546875
13 0.71015625 0.44921875 0.009375 0.00703125
7 0.64765625 0.40703125 0.009375 0.00703125
18 0.7578125 0.50078125 0.009375 0.00703125
0 0.734375 0.5984375 0.009375 0.00703125