23 0.56484375 0.39609375 0.009375 0.00703125
8 0.6234375 0.5078125 0.009375 0.00703125
14 0.621875 0.534375 0.009375 0.00703125
6 0.57265625 0.54140625 0.009375 0.00703125
17 0.65859375 0.590625 0.009375 0.00703125
21 0.63125 0.6125 0.009375 0.00703125
1 0.625 0.59921875 0.009375 0.00703125
12 0.63515625 0.63125 0.009375 0.00703125
3 0.5984375 0.653125 0.009375 0.00703125
9 0.58203125 0.70546875 0.009375 0.00703125
19 0.3421875 0.53203125 0.009375 0.00703125
16 0.38984375 0.54609375 0.009375 0.00703125
20 0.38046875 0.621875 0.009375 0.00703125
2 0.6484375 0.60390625 0.009375 0.00703125
24 0.64609375 0.5953125 0.009375 0.00703125
10 0.62890625 0.66328125 0.009375 0.00703125
15 0.609375 0.68984375 0.009375 0.00703125
11 0.59921875 0.54765625 0.0265625 0.00546875
13 0.60234375 0.5390625 0.009375 0.00703125
7 0.5890625 0.50859375 0.01015625 0.00703125
18 0.63984375 0.565625 0.009375 0.00703125
0 0.61796875 0.61015625 0.009375 0.00703125
4 0.60703125 0.53203125 0.03203125 0.0046875
22 0.60703125 0.528125 0.03203125 0.0046875