23 0.32421875 0.30546875 0.015625 0.00546875
8 0.234375 0.43828125 0.00859375 0.0078125
14 0.24140625 0.4640625 0.00859375 0.00546875
17 0.190625 0.540625 0.0078125 0.00546875
24 0.22265625 0.54765625 0.00859375 0.00546875
1 0.24375 0.55546875 0.00859375 0.00546875
0 0.25625 0.565625 0.00859375 0.00546875
21 0.23203125 0.565625 0.00859375 0.00546875
12 0.22109375 0.59296875 0.00859375 0.00546875
3 0.28046875 0.6234375 0.00859375 0.00546875
10 0.234375 0.64140625 0.00859375 0.00546875
15 0.27109375 0.69609375 0.00859375 0.00546875
9 0.31640625 0.71484375 0.00859375 0.00546875
6 0.30625 0.48203125 0.00859375 0.00546875
11 0.27890625 0.4890625 0.02578125 0.0046875
22 0.278125 0.459375 0.02265625 0.00703125
4 0.271875 0.46953125 0.0203125 0.00703125
13 0.2734375 0.47734375 0.009375 0.00625
20 0.54609375 0.60859375 0.00859375 0.00546875
7 0.32734375 0.4421875 0.00859375 0.0078125
2 0.21328125 0.56015625 0.00859375 0.00546875
19 0.61171875 0.48984375 0.00859375 0.00546875
16 0.553125 0.50546875 0.00859375 0.00546875