23 0.23828125 0.3453125 0.009375 0.00625
8 0.25 0.4328125 0.009375 0.00625
14 0.2328125 0.45703125 0.0078125 0.00625
6 0.328125 0.45078125 0.009375 0.00625
17 0.2015625 0.51953125 0.00859375 0.00625
1 0.25390625 0.51875 0.009375 0.00625
12 0.2328125 0.55859375 0.00703125 0.00625
3 0.296875 0.5765625 0.0078125 0.00625
9 0.31328125 0.64921875 0.009375 0.00625
19 0.5671875 0.42890625 0.00859375 0.00625
16 0.53203125 0.446875 0.009375 0.00625
20 0.54140625 0.51875 0.00859375 0.00625
15 0.2734375 0.63359375 0.009375 0.00625
10 0.2484375 0.59921875 0.009375 0.00625
2 0.21953125 0.5296875 0.00859375 0.00625
0 0.26484375 0.53125 0.00859375 0.00625
18 0.22109375 0.4875 0.00859375 0.00625
7 0.3078125 0.4203125 0.009375 0.00625
22 0.2765625 0.440625 0.02265625 0.00546875
11 0.28203125 0.46484375 0.0234375 0.00703125
13 0.278125 0.45625 0.0078125 0.00625
24 0.228125 0.51875 0.009375 0.00625
21 0.23359375 0.5375 0.009375 0.00625
4 0.27578125 0.446875 0.02265625 0.00546875