23 0.6375 0.22421875 0.009375 0.00703125
8 0.70859375 0.3375 0.009375 0.00703125
14 0.7078125 0.36953125 0.009375 0.00703125
6 0.66953125 0.37421875 0.009375 0.00703125
17 0.75546875 0.434375 0.009375 0.00703125
21 0.71875 0.4578125 0.009375 0.00703125
1 0.71640625 0.44453125 0.009375 0.00703125
12 0.72265625 0.47890625 0.009375 0.00703125
3 0.6796875 0.4984375 0.009375 0.00703125
9 0.66953125 0.5671875 0.009375 0.00703125
19 0.4515625 0.36015625 0.009375 0.00703125
16 0.475 0.3828125 0.009375 0.00703125
20 0.47109375 0.45859375 0.009375 0.00703125
2 0.7390625 0.4515625 0.009375 0.00703125
24 0.73984375 0.4421875 0.009375 0.00703125
10 0.709375 0.5140625 0.009375 0.00703125
15 0.69453125 0.54921875 0.009375 0.00703125
11 0.6921875 0.38359375 0.0265625 0.00546875
13 0.69765625 0.3734375 0.009375 0.00703125
7 0.6703125 0.33984375 0.01015625 0.00703125
18 0.7375 0.4140625 0.009375 0.00703125
0 0.7078125 0.45390625 0.009375 0.00703125
4 0.6984375 0.353125 0.03203125 0.0046875
22 0.69921875 0.3640625 0.03203125 0.0046875