23 0.30703125 0.1515625 0.009375 0.00625
8 0.1921875 0.3140625 0.009375 0.00625
14 0.19765625 0.35859375 0.0078125 0.00625
6 0.2578125 0.3734375 0.009375 0.00625
17 0.13984375 0.44140625 0.0078125 0.00625
1 0.19140625 0.45625 0.009375 0.00625
12 0.171875 0.5015625 0.00703125 0.00625
3 0.2375 0.5359375 0.00859375 0.00625
9 0.259375 0.64375 0.009375 0.00625
19 0.64609375 0.39375 0.00859375 0.00625
16 0.55859375 0.40703125 0.00859375 0.00625
20 0.54453125 0.52734375 0.00859375 0.00625
15 0.21875 0.61875 0.009375 0.00625
10 0.190625 0.56171875 0.009375 0.00625
2 0.16015625 0.4625 0.0078125 0.00625
0 0.1953125 0.4734375 0.009375 0.00625
18 0.16796875 0.4125 0.0078125 0.00625
7 0.2546875 0.3171875 0.009375 0.00625
11 0.22734375 0.38046875 0.0234375 0.00703125
13 0.2234375 0.3671875 0.0078125 0.00625
24 0.1625 0.4484375 0.009375 0.00625
21 0.1828125 0.46953125 0.00859375 0.00625
4 0.21484375 0.3546875 0.0234375 0.00546875
22 0.21953125 0.346875 0.0234375 0.00546875