23 0.65 0.16015625 0.01015625 0.00703125
8 0.6984375 0.34453125 0.009375 0.00703125
14 0.69375 0.39921875 0.009375 0.00703125
6 0.63671875 0.409375 0.01015625 0.00703125
17 0.72890625 0.4953125 0.01015625 0.00703125
21 0.70546875 0.52734375 0.009375 0.00703125
1 0.68515625 0.5140625 0.009375 0.00703125
12 0.70625 0.571875 0.009375 0.00703125
3 0.66796875 0.6140625 0.009375 0.00703125
9 0.646875 0.7109375 0.009375 0.00703125
19 0.44296875 0.39296875 0.009375 0.00703125
16 0.471875 0.4203125 0.009375 0.00703125
20 0.48671875 0.54765625 0.009375 0.00703125
2 0.725 0.51328125 0.01015625 0.00703125
24 0.71015625 0.509375 0.009375 0.00703125
10 0.6921875 0.634375 0.01015625 0.00703125
15 0.665625 0.69453125 0.009375 0.00703125
22 0.6671875 0.37734375 0.03125 0.00546875
4 0.67109375 0.3921875 0.03125 0.0046875
11 0.66796875 0.42421875 0.02578125 0.00546875
13 0.6734375 0.40546875 0.009375 0.00703125
7 0.61953125 0.359375 0.009375 0.00703125
18 0.71171875 0.45078125 0.009375 0.00703125
0 0.68984375 0.534375 0.009375 0.00703125