23 0.6390625 0.1296875 0.009375 0.00625
8 0.50625 0.303125 0.009375 0.00625
14 0.49609375 0.328125 0.009375 0.00625
6 0.628125 0.38359375 0.009375 0.00625
17 0.36171875 0.4484375 0.00859375 0.00625
1 0.43984375 0.47890625 0.009375 0.00625
12 0.3640625 0.5390625 0.00859375 0.00625
3 0.45078125 0.5953125 0.0078125 0.00625
9 0.4265625 0.74453125 0.009375 0.00625
19 0.9734375 0.39453125 0.00859375 0.00625
16 0.890625 0.44375 0.009375 0.00625
20 0.95625 0.5640625 0.009375 0.00625
15 0.35546875 0.6953125 0.009375 0.00625
10 0.3390625 0.60625 0.009375 0.00625
2 0.36328125 0.475 0.009375 0.00625
0 0.43046875 0.50625 0.009375 0.00625
18 0.4171875 0.4078125 0.009375 0.00625
7 0.65625 0.3109375 0.009375 0.00625
4 0.5640625 0.3359375 0.02265625 0.00546875
11 0.5546875 0.3765625 0.0234375 0.00703125
13 0.56484375 0.359375 0.009375 0.00625
24 0.39296875 0.465625 0.009375 0.00625
21 0.4 0.50078125 0.009375 0.00625
22 0.5671875 0.33203125 0.02265625 0.00546875