23 0.34140625 0.2078125 0.0078125 0.0140625
8 0.32890625 0.34921875 0.0078125 0.0109375
14 0.33984375 0.3984375 0.0078125 0.01328125
6 0.38984375 0.409375 0.00703125 0.01171875
17 0.3078125 0.51875 0.0078125 0.0109375
1 0.34765625 0.52734375 0.0078125 0.01015625
12 0.33203125 0.590625 0.00859375 0.0125
3 0.37421875 0.6328125 0.00703125 0.01328125
9 0.3875 0.7515625 0.00625 0.00859375
19 0.5578125 0.37890625 0.00859375 0.0140625
16 0.5375 0.4140625 0.0078125 0.01328125
20 0.5578125 0.5328125 0.0078125 0.01328125
15 0.36328125 0.721875 0.00625 0.009375
10 0.3375 0.65390625 0.00703125 0.01015625
2 0.3234375 0.5421875 0.00703125 0.009375
0 0.3546875 0.55859375 0.00703125 0.01015625
18 0.321875 0.471875 0.00703125 0.01171875
7 0.37734375 0.34140625 0.00703125 0.01171875
4 0.35859375 0.4 0.0234375 0.0078125
11 0.36640625 0.428125 0.01796875 0.009375
13 0.36171875 0.41015625 0.009375 0.0125
24 0.325 0.52109375 0.00703125 0.009375
21 0.33515625 0.5515625 0.00703125 0.01015625
22 0.35859375 0.38984375 0.0234375 0.0078125