23 0.3765625 0.25078125 0.00859375 0.0140625
8 0.3671875 0.40859375 0.0078125 0.0109375
14 0.37109375 0.4453125 0.0078125 0.01328125
6 0.40546875 0.4578125 0.00703125 0.01171875
17 0.34375 0.55234375 0.0078125 0.0109375
1 0.37109375 0.55546875 0.0078125 0.01015625
12 0.36640625 0.6265625 0.0078125 0.0125
3 0.39296875 0.65703125 0.00703125 0.01328125
9 0.4171875 0.7546875 0.00625 0.00859375
19 0.57578125 0.4390625 0.0078125 0.0140625
16 0.546875 0.4671875 0.0078125 0.01328125
20 0.553125 0.60546875 0.0078125 0.0125
15 0.390625 0.71875 0.00625 0.00859375
10 0.37421875 0.6703125 0.00703125 0.01015625
2 0.35078125 0.571875 0.00703125 0.009375
0 0.3765625 0.58359375 0.00703125 0.01015625
18 0.3578125 0.50703125 0.00703125 0.0109375
7 0.39296875 0.41328125 0.00703125 0.0125
4 0.38203125 0.44453125 0.0234375 0.0078125
11 0.38984375 0.47109375 0.01796875 0.009375
13 0.3859375 0.4578125 0.009375 0.0125
24 0.35625 0.55859375 0.00703125 0.009375
21 0.365625 0.5828125 0.00703125 0.01015625
22 0.38203125 0.43515625 0.0234375 0.009375