23 0.6046875 0.26328125 0.0125 0.0078125
8 0.65625 0.38203125 0.0109375 0.00703125
6 0.6171875 0.4234375 0.009375 0.00703125
11 0.6375 0.43125 0.01796875 0.00546875
4 0.63984375 0.409375 0.0140625 0.00390625
13 0.6375 0.41953125 0.0125 0.0078125
0 0.653125 0.5265625 0.0078125 0.00546875
17 0.71015625 0.50703125 0.01015625 0.00625
24 0.6890625 0.50859375 0.0109375 0.00625
1 0.66796875 0.5140625 0.009375 0.00625
3 0.6234375 0.5765625 0.00859375 0.00546875
12 0.66484375 0.55625 0.00859375 0.00546875
10 0.6484375 0.59453125 0.0078125 0.00546875
21 0.6640625 0.52421875 0.00859375 0.00546875
15 0.62890625 0.63046875 0.00859375 0.00546875
9 0.5921875 0.65703125 0.00859375 0.00546875
16 0.37109375 0.4234375 0.01484375 0.009375
19 0.321875 0.40390625 0.01484375 0.009375
20 0.36171875 0.53828125 0.01484375 0.009375
7 0.6015625 0.39375 0.01171875 0.0078125
14 0.64765625 0.41015625 0.0125 0.0078125
2 0.6828125 0.52265625 0.00859375 0.00546875