23 0.19765625 0.265625 0.009375 0.00625
8 0.184375 0.39375 0.009375 0.00625
14 0.1859375 0.4328125 0.00859375 0.00625
6 0.2703125 0.4421875 0.00859375 0.00625
17 0.1203125 0.503125 0.00859375 0.00625
1 0.196875 0.515625 0.009375 0.00625
12 0.1609375 0.5609375 0.00859375 0.00625
3 0.22578125 0.603125 0.0078125 0.00625
9 0.259375 0.68359375 0.009375 0.00625
19 0.62890625 0.4234375 0.00859375 0.00625
16 0.56484375 0.4453125 0.009375 0.00625
20 0.55859375 0.5625 0.009375 0.00625
15 0.2140625 0.6671875 0.009375 0.00625
10 0.1796875 0.6015625 0.009375 0.00625
2 0.14375 0.5234375 0.009375 0.00625
0 0.2015625 0.53828125 0.009375 0.00625
18 0.15703125 0.46953125 0.009375 0.00625
7 0.25234375 0.396875 0.00859375 0.00625
4 0.221875 0.428125 0.02265625 0.00546875
11 0.2359375 0.45078125 0.0234375 0.00703125
13 0.23125 0.4421875 0.00859375 0.00625
24 0.14765625 0.50703125 0.009375 0.00625
21 0.1765625 0.53125 0.009375 0.00625
22 0.22265625 0.415625 0.02265625 0.00546875