23 0.78671875 0.2171875 0.009375 0.00703125
8 0.83125 0.3734375 0.009375 0.00703125
14 0.8140625 0.4140625 0.009375 0.00703125
6 0.7328125 0.415625 0.009375 0.00703125
17 0.87265625 0.50546875 0.009375 0.00703125
21 0.81171875 0.53203125 0.009375 0.00703125
1 0.8015625 0.51640625 0.009375 0.00703125
12 0.8296875 0.559375 0.009375 0.00703125
3 0.7703125 0.59453125 0.009375 0.00703125
9 0.7328125 0.6890625 0.009375 0.00703125
19 0.37578125 0.384375 0.009375 0.00703125
16 0.45 0.41171875 0.009375 0.00703125
20 0.43203125 0.5359375 0.009375 0.00703125
2 0.84453125 0.52890625 0.009375 0.00703125
24 0.84609375 0.51328125 0.009375 0.00703125
10 0.8109375 0.60859375 0.009375 0.00703125
15 0.7640625 0.6671875 0.009375 0.00703125
22 0.784375 0.40234375 0.03203125 0.00546875
4 0.78125 0.4078125 0.03203125 0.0046875
11 0.7703125 0.43046875 0.02578125 0.00546875
13 0.77578125 0.41796875 0.009375 0.00703125
7 0.753125 0.365625 0.009375 0.00703125
18 0.84296875 0.4609375 0.009375 0.00703125
0 0.79921875 0.534375 0.009375 0.00703125