23 0.28125 0.278125 0.009375 0.00625
8 0.2234375 0.40859375 0.00859375 0.00625
14 0.2296875 0.4390625 0.009375 0.00625
6 0.3375 0.45078125 0.009375 0.00625
17 0.18046875 0.5125 0.00859375 0.00625
1 0.25 0.52578125 0.009375 0.00625
12 0.215625 0.56171875 0.00859375 0.00625
3 0.28828125 0.5953125 0.00859375 0.00625
9 0.28203125 0.6734375 0.009375 0.00625
19 0.64765625 0.44140625 0.00859375 0.00625
16 0.60625 0.46015625 0.00859375 0.00625
20 0.5875 0.5609375 0.00859375 0.00625
15 0.25078125 0.65390625 0.009375 0.00625
10 0.2328125 0.60546875 0.009375 0.00625
2 0.1875 0.5296875 0.009375 0.00625
0 0.2515625 0.540625 0.009375 0.00625
18 0.20546875 0.47890625 0.00859375 0.00625
7 0.3609375 0.41328125 0.009375 0.00625
22 0.271875 0.42578125 0.0234375 0.00546875
4 0.2703125 0.43515625 0.0234375 0.00546875
11 0.2796875 0.45859375 0.0171875 0.0046875
13 0.2734375 0.44296875 0.009375 0.00625
24 0.2078125 0.51640625 0.009375 0.00625
21 0.22578125 0.54375 0.00859375 0.00625