23 0.66171875 0.25 0.01015625 0.0109375
8 0.68359375 0.37421875 0.0078125 0.01171875
14 0.67890625 0.4046875 0.00703125 0.009375
6 0.64140625 0.42265625 0.00546875 0.0078125
22 0.66015625 0.403125 0.015625 0.00625
4 0.66015625 0.41171875 0.015625 0.00703125
11 0.6578125 0.43671875 0.01484375 0.00703125
13 0.66015625 0.421875 0.00625 0.00859375
17 0.709375 0.50625 0.00703125 0.009375
24 0.69140625 0.50859375 0.00625 0.009375
1 0.6734375 0.51875 0.00546875 0.009375
0 0.66875 0.53359375 0.00625 0.009375
12 0.68671875 0.56484375 0.00546875 0.00859375
10 0.66953125 0.62109375 0.00625 0.0078125
3 0.65703125 0.59609375 0.00625 0.00703125
16 0.515625 0.440625 0.00625 0.00859375
20 0.51640625 0.54375 0.00625 0.00703125
21 0.6828125 0.53359375 0.00625 0.009375
2 0.6953125 0.5265625 0.00625 0.009375
15 0.653125 0.6640625 0.0046875 0.0078125
9 0.634375 0.684375 0.00625 0.0078125
7 0.62890625 0.39375 0.00625 0.00703125