23 0.346875 0.2703125 0.009375 0.00625
8 0.3359375 0.36171875 0.009375 0.00625
14 0.353125 0.40078125 0.0078125 0.00625
6 0.38984375 0.4015625 0.009375 0.00625
17 0.31640625 0.4640625 0.0078125 0.00625
1 0.34921875 0.46875 0.009375 0.00625
12 0.3421875 0.50234375 0.00703125 0.00625
3 0.37578125 0.52265625 0.0078125 0.00625
9 0.39765625 0.5828125 0.009375 0.00625
19 0.609375 0.39453125 0.009375 0.00625
16 0.575 0.41328125 0.00859375 0.00625
20 0.5796875 0.50078125 0.00859375 0.00625
15 0.36796875 0.5671875 0.009375 0.00625
10 0.35546875 0.5328125 0.009375 0.00625
2 0.32890625 0.475 0.0078125 0.00625
0 0.359375 0.48125 0.009375 0.00625
18 0.33203125 0.440625 0.00859375 0.00625
7 0.37890625 0.36640625 0.009375 0.00625
11 0.37109375 0.409375 0.0234375 0.00703125
13 0.3671875 0.39921875 0.0078125 0.00625
24 0.33359375 0.46484375 0.009375 0.00625
21 0.34921875 0.47890625 0.00859375 0.00625
4 0.3609375 0.38828125 0.0234375 0.00546875