23 0.77890625 0.1921875 0.009375 0.00703125
8 0.83359375 0.34296875 0.009375 0.00703125
14 0.82421875 0.38046875 0.009375 0.00703125
6 0.7484375 0.39453125 0.009375 0.00703125
17 0.8828125 0.4640625 0.009375 0.00703125
21 0.8390625 0.49140625 0.009375 0.00703125
1 0.82578125 0.4734375 0.009375 0.00703125
12 0.84765625 0.51953125 0.009375 0.00703125
3 0.80078125 0.546875 0.009375 0.00703125
9 0.7828125 0.6359375 0.009375 0.00703125
19 0.36953125 0.390625 0.009375 0.00703125
16 0.44609375 0.41328125 0.009375 0.00703125
20 0.45234375 0.515625 0.009375 0.00703125
2 0.86484375 0.484375 0.009375 0.00703125
24 0.859375 0.471875 0.009375 0.00703125
10 0.83984375 0.56328125 0.009375 0.00703125
15 0.82578125 0.609375 0.009375 0.00703125
4 0.8015625 0.378125 0.03125 0.0046875
11 0.7890625 0.4015625 0.02578125 0.00546875
13 0.79296875 0.38984375 0.009375 0.00703125
7 0.75546875 0.3453125 0.009375 0.00703125
18 0.85546875 0.4328125 0.009375 0.00703125
0 0.82109375 0.49375 0.009375 0.00703125