23 0.69765625 0.16640625 0.009375 0.01171875
8 0.7125 0.3328125 0.0078125 0.01171875
6 0.65078125 0.39453125 0.01015625 0.0140625
14 0.71015625 0.37578125 0.0078125 0.01171875
1 0.696875 0.50859375 0.00859375 0.0109375
24 0.7171875 0.50390625 0.0078125 0.01171875
17 0.74375 0.4984375 0.00703125 0.01015625
21 0.709375 0.53359375 0.00859375 0.0125
0 0.69453125 0.5265625 0.00859375 0.01171875
12 0.71328125 0.56171875 0.0078125 0.009375
3 0.66796875 0.603125 0.0078125 0.01171875
10 0.69296875 0.64296875 0.00703125 0.009375
15 0.6875 0.684375 0.0078125 0.0109375
9 0.671875 0.71796875 0.0078125 0.0109375
16 0.440625 0.3421875 0.00703125 0.01015625
19 0.46875 0.37578125 0.00703125 0.0109375
20 0.471875 0.54140625 0.00703125 0.00859375
22 0.678125 0.36640625 0.02421875 0.01171875
4 0.6796875 0.384375 0.025 0.009375
11 0.6734375 0.40703125 0.028125 0.01015625
13 0.67734375 0.39296875 0.00546875 0.0078125
2 0.725 0.525 0.00859375 0.0125
7 0.6453125 0.35234375 0.009375 0.0140625