23 0.2953125 0.23671875 0.01015625 0.00703125
8 0.284375 0.315625 0.01015625 0.00703125
14 0.2890625 0.33359375 0.009375 0.00703125
0 0.30078125 0.44921875 0.009375 0.00625
1 0.29453125 0.43203125 0.01015625 0.00703125
24 0.27109375 0.42421875 0.009375 0.00703125
17 0.23515625 0.421875 0.009375 0.00703125
7 0.359375 0.33046875 0.01328125 0.009375
21 0.278125 0.4421875 0.009375 0.00625
12 0.2703125 0.46953125 0.009375 0.00625
10 0.2828125 0.51484375 0.0109375 0.00703125
3 0.31171875 0.50625 0.01015625 0.00703125
15 0.30390625 0.55703125 0.01015625 0.00703125
9 0.34375 0.58125 0.0109375 0.00703125
6 0.35625 0.3625 0.00859375 0.00625
19 0.61953125 0.49453125 0.01171875 0.00703125
20 0.65859375 0.3546875 0.01015625 0.00625
16 0.6046875 0.375 0.01015625 0.00703125
22 0.31640625 0.34453125 0.01640625 0.00390625
4 0.31328125 0.35078125 0.0125 0.00390625
11 0.32734375 0.37109375 0.025 0.00546875
13 0.32265625 0.359375 0.00703125 0.0046875
2 0.2640625 0.43984375 0.009375 0.00703125