23 0.6640625 0.225 0.01015625 0.00703125
8 0.675 0.36953125 0.009375 0.00703125
14 0.67109375 0.4171875 0.009375 0.00703125
6 0.59921875 0.42578125 0.01015625 0.00703125
17 0.70390625 0.503125 0.01015625 0.00703125
21 0.684375 0.5453125 0.009375 0.00703125
1 0.6625 0.52890625 0.009375 0.00703125
12 0.68671875 0.58828125 0.009375 0.00703125
3 0.6484375 0.63125 0.009375 0.00703125
9 0.63828125 0.7484375 0.009375 0.00703125
19 0.41015625 0.4328125 0.01171875 0.015625
16 0.44140625 0.4484375 0.009375 0.00703125
20 0.4578125 0.58125 0.009375 0.00703125
2 0.69921875 0.528125 0.01015625 0.00703125
24 0.6859375 0.52265625 0.009375 0.00703125
10 0.67734375 0.66171875 0.01015625 0.00703125
15 0.659375 0.71796875 0.009375 0.00703125
22 0.63984375 0.38984375 0.03125 0.00546875
4 0.63828125 0.396875 0.03125 0.0046875
11 0.63515625 0.4375 0.02578125 0.00546875
13 0.6375 0.4125 0.009375 0.00703125
7 0.58515625 0.36640625 0.009375 0.00703125
18 0.68671875 0.4625 0.009375 0.00703125
0 0.66875 0.55 0.009375 0.00703125