23 0.34296875 0.2890625 0.00859375 0.0140625
8 0.35546875 0.4515625 0.0078125 0.0109375
14 0.3671875 0.50703125 0.0078125 0.01328125
6 0.42421875 0.50546875 0.00703125 0.01171875
17 0.33515625 0.6125 0.0078125 0.0109375
1 0.371875 0.6296875 0.0078125 0.01015625
12 0.35234375 0.684375 0.00859375 0.0125
3 0.3921875 0.728125 0.00703125 0.0125
9 0.4125 0.84296875 0.00625 0.00859375
19 0.6265625 0.43359375 0.00859375 0.0140625
16 0.59453125 0.47265625 0.0078125 0.01328125
20 0.6171875 0.64140625 0.0078125 0.0125
15 0.37421875 0.8046875 0.00625 0.00859375
10 0.36171875 0.7453125 0.00703125 0.01015625
2 0.3421875 0.63046875 0.00703125 0.009375
0 0.37578125 0.6515625 0.00703125 0.01015625
18 0.3546875 0.5671875 0.00703125 0.0109375
7 0.41484375 0.4484375 0.00703125 0.0125
4 0.38046875 0.49140625 0.0234375 0.0078125
11 0.3921875 0.52578125 0.01796875 0.009375
13 0.384375 0.5078125 0.009375 0.0125
24 0.35234375 0.61875 0.00703125 0.009375
21 0.3578125 0.64609375 0.00703125 0.01015625
22 0.3796875 0.48359375 0.0234375 0.009375