23 0.50625 0.19765625 0.0078125 0.0140625
8 0.46796875 0.40703125 0.0078125 0.0109375
14 0.46796875 0.45546875 0.0078125 0.01328125
6 0.51796875 0.46796875 0.00703125 0.01171875
17 0.44140625 0.56484375 0.0078125 0.0109375
1 0.47890625 0.57109375 0.0078125 0.01015625
12 0.46875 0.6421875 0.0078125 0.0125
3 0.5078125 0.6609375 0.00703125 0.01328125
9 0.5203125 0.7625 0.00625 0.009375
19 0.70546875 0.45546875 0.00859375 0.0140625
16 0.671875 0.475 0.0078125 0.01328125
20 0.6765625 0.590625 0.0078125 0.01328125
15 0.50234375 0.74140625 0.00625 0.00859375
10 0.48515625 0.696875 0.00703125 0.01015625
2 0.45234375 0.5859375 0.00703125 0.009375
0 0.48203125 0.59765625 0.00703125 0.01015625
18 0.45703125 0.51171875 0.00703125 0.01171875
7 0.50859375 0.40859375 0.00703125 0.01171875
4 0.48203125 0.446875 0.0234375 0.0078125
11 0.49140625 0.4828125 0.01796875 0.009375
13 0.4875 0.4625 0.009375 0.0125
24 0.459375 0.56953125 0.00703125 0.009375
21 0.46953125 0.59453125 0.00703125 0.01015625
22 0.48515625 0.440625 0.0234375 0.0078125