23 0.64921875 0.23125 0.0109375 0.00546875
8 0.6625 0.321875 0.009375 0.00703125
14 0.66171875 0.34296875 0.00859375 0.00546875
17 0.69453125 0.40703125 0.0078125 0.00546875
24 0.67421875 0.41484375 0.00859375 0.00546875
1 0.64921875 0.42109375 0.00859375 0.00546875
0 0.6453125 0.4328125 0.00859375 0.00546875
12 0.6703125 0.45625 0.00859375 0.00546875
3 0.621875 0.478125 0.01328125 0.00703125
10 0.65625 0.484375 0.0109375 0.00546875
15 0.6546875 0.50859375 0.00859375 0.00546875
9 0.63515625 0.52890625 0.00859375 0.00546875
6 0.59140625 0.35625 0.00859375 0.00546875
11 0.615625 0.36015625 0.02734375 0.00546875
13 0.61953125 0.3484375 0.01015625 0.00625
20 0.38125 0.4515625 0.00859375 0.00546875
22 0.62578125 0.340625 0.0265625 0.00546875
7 0.578125 0.33515625 0.009375 0.00703125
21 0.6640625 0.42890625 0.00859375 0.00546875
2 0.678125 0.4234375 0.00859375 0.00546875
16 0.390625 0.34765625 0.00859375 0.00546875
19 0.34609375 0.32421875 0.00859375 0.00546875