23 0.75859375 0.22890625 0.00703125 0.009375
8 0.7515625 0.37890625 0.0078125 0.0109375
6 0.69375 0.428125 0.0109375 0.0140625
14 0.7484375 0.41875 0.009375 0.01328125
1 0.746875 0.55 0.00625 0.00859375
24 0.76328125 0.53125 0.00703125 0.00859375
17 0.7875 0.52265625 0.00703125 0.0109375
21 0.76328125 0.56640625 0.00625 0.009375
0 0.74609375 0.5671875 0.00703125 0.009375
12 0.771875 0.609375 0.00625 0.009375
3 0.7296875 0.659375 0.0078125 0.0109375
10 0.7578125 0.6859375 0.00625 0.00859375
15 0.73046875 0.74296875 0.00625 0.00859375
9 0.70703125 0.77109375 0.00625 0.00859375
16 0.52109375 0.4109375 0.0078125 0.0109375
19 0.48671875 0.38046875 0.0078125 0.01015625
20 0.51484375 0.56796875 0.0078125 0.01171875
22 0.725 0.396875 0.02578125 0.0078125
4 0.725 0.41015625 0.025 0.01015625
11 0.71796875 0.446875 0.02109375 0.00703125
13 0.725 0.42734375 0.0078125 0.01015625
7 0.684375 0.37578125 0.0078125 0.0125
2 0.77265625 0.5546875 0.00625 0.00859375