8 0.234375 0.428125 0.0109375 0.00703125
23 0.2671875 0.3 0.00859375 0.00546875
14 0.23671875 0.44609375 0.00859375 0.00546875
6 0.3484375 0.4609375 0.00859375 0.00546875
22 0.3 0.44375 0.03046875 0.0046875
4 0.2953125 0.44921875 0.02890625 0.0046875
11 0.30546875 0.47109375 0.0359375 0.00546875
13 0.29375 0.45703125 0.0078125 0.00546875
17 0.18828125 0.52734375 0.0078125 0.0046875
24 0.23046875 0.53046875 0.0078125 0.0046875
0 0.26484375 0.55390625 0.00859375 0.00546875
1 0.2578125 0.53984375 0.00859375 0.00546875
12 0.2203125 0.58203125 0.00703125 0.0046875
3 0.30703125 0.60390625 0.00859375 0.00546875
10 0.24921875 0.62421875 0.009375 0.00546875
21 0.234375 0.55 0.0078125 0.0046875
15 0.26328125 0.6546875 0.0078125 0.0046875
9 0.309375 0.67421875 0.0078125 0.0046875
16 0.59140625 0.446875 0.0078125 0.00546875
19 0.63203125 0.43203125 0.009375 0.00546875
20 0.60625 0.54609375 0.009375 0.00625
7 0.409375 0.4375 0.01015625 0.00703125
2 0.22421875 0.54609375 0.00703125 0.0046875