23 0.33671875 0.31796875 0.009375 0.00625
8 0.28984375 0.42421875 0.009375 0.00625
14 0.29296875 0.45859375 0.0078125 0.00625
6 0.33203125 0.459375 0.009375 0.00625
17 0.26171875 0.521875 0.00859375 0.00625
1 0.28984375 0.52421875 0.009375 0.00625
12 0.29765625 0.56171875 0.00703125 0.00625
3 0.3328125 0.5796875 0.0078125 0.00625
9 0.36953125 0.64375 0.009375 0.00625
19 0.51796875 0.43203125 0.00859375 0.00625
16 0.5046875 0.44921875 0.00859375 0.00625
20 0.5296875 0.53203125 0.00859375 0.00625
15 0.33671875 0.63125 0.009375 0.00625
10 0.31171875 0.5921875 0.00859375 0.00625
2 0.27265625 0.53359375 0.00859375 0.00625
0 0.30546875 0.53671875 0.00859375 0.00625
18 0.27265625 0.49765625 0.00859375 0.00625
7 0.32265625 0.428125 0.009375 0.00625
22 0.29765625 0.44296875 0.02265625 0.00546875
11 0.30703125 0.46875 0.0234375 0.00703125
13 0.3015625 0.459375 0.0078125 0.00625
24 0.27421875 0.52421875 0.009375 0.00625
21 0.3015625 0.54140625 0.009375 0.00625
4 0.29609375 0.45078125 0.02265625 0.00546875