23 0.83046875 0.22421875 0.01484375 0.009375
8 0.87265625 0.3875 0.01484375 0.009375
14 0.86796875 0.41953125 0.01484375 0.009375
6 0.7328125 0.43984375 0.01484375 0.009375
22 0.8140625 0.41796875 0.0265625 0.0046875
11 0.7984375 0.44765625 0.01796875 0.00546875
4 0.81328125 0.42421875 0.0265625 0.00390625
13 0.80859375 0.434375 0.01328125 0.00859375
0 0.8328125 0.54140625 0.01484375 0.009375
17 0.93046875 0.51640625 0.01484375 0.009375
24 0.8875 0.52265625 0.01484375 0.009375
1 0.84609375 0.528125 0.01484375 0.009375
3 0.80390625 0.60546875 0.01484375 0.009375
12 0.8859375 0.578125 0.01484375 0.009375
10 0.871875 0.62734375 0.01484375 0.009375
21 0.878125 0.54296875 0.01484375 0.009375
15 0.86875 0.67109375 0.01484375 0.009375
9 0.82109375 0.70078125 0.01484375 0.009375
16 0.415625 0.44140625 0.01484375 0.009375
19 0.346875 0.41640625 0.015625 0.009375
20 0.40625 0.56484375 0.015625 0.009375
2 0.89375 0.53984375 0.01484375 0.009375
7 0.7140625 0.39453125 0.01484375 0.009375