23 0.240625 0.215625 0.009375 0.00625
8 0.1546875 0.35625 0.00859375 0.00625
14 0.17265625 0.39765625 0.009375 0.00625
6 0.2421875 0.40078125 0.009375 0.00625
17 0.11953125 0.46875 0.00859375 0.00625
1 0.16171875 0.47265625 0.009375 0.00625
12 0.1453125 0.5203125 0.00859375 0.00625
3 0.18984375 0.540625 0.00859375 0.00625
9 0.1984375 0.615625 0.009375 0.00625
19 0.528125 0.38359375 0.00859375 0.00625
16 0.4734375 0.4078125 0.00859375 0.00625
20 0.4890625 0.49921875 0.00859375 0.00625
15 0.1703125 0.59765625 0.009375 0.00625
10 0.15703125 0.55390625 0.009375 0.00625
2 0.13046875 0.484375 0.009375 0.00625
0 0.1671875 0.48984375 0.009375 0.00625
18 0.14765625 0.43515625 0.00859375 0.00625
7 0.22265625 0.353125 0.009375 0.00625
22 0.19453125 0.37421875 0.0234375 0.00546875
4 0.19375 0.38203125 0.0234375 0.00546875
11 0.2046875 0.40546875 0.0171875 0.0046875
13 0.20234375 0.39296875 0.009375 0.00625
24 0.13671875 0.4703125 0.009375 0.00625
21 0.15078125 0.490625 0.00859375 0.00625