23 0.67890625 0.35 0.009375 0.00703125
8 0.7296875 0.47109375 0.009375 0.00703125
14 0.728125 0.5046875 0.009375 0.00703125
6 0.646875 0.4953125 0.009375 0.00703125
17 0.76796875 0.5609375 0.009375 0.00703125
21 0.7359375 0.58203125 0.009375 0.00703125
1 0.715625 0.56796875 0.009375 0.00703125
12 0.740625 0.60078125 0.009375 0.00703125
3 0.67890625 0.6234375 0.009375 0.00703125
9 0.68046875 0.6875 0.009375 0.00703125
19 0.38671875 0.48046875 0.009375 0.00703125
16 0.43984375 0.496875 0.009375 0.00703125
20 0.4265625 0.58125 0.009375 0.00703125
2 0.753125 0.57421875 0.009375 0.00703125
24 0.74609375 0.5625 0.009375 0.00703125
10 0.7328125 0.640625 0.009375 0.00703125
15 0.709375 0.66796875 0.009375 0.00703125
11 0.68671875 0.50703125 0.0265625 0.00546875
13 0.690625 0.49609375 0.009375 0.00703125
7 0.6515625 0.46015625 0.01015625 0.00703125
18 0.7515625 0.5375 0.009375 0.00703125
0 0.71484375 0.57890625 0.009375 0.00703125
4 0.6890625 0.4890625 0.03203125 0.0046875
22 0.68828125 0.4859375 0.03203125 0.0046875