23 0.2921875 0.196875 0.01328125 0.00859375
8 0.23984375 0.3421875 0.0140625 0.009375
14 0.24609375 0.37265625 0.0125 0.00859375
0 0.25625 0.4859375 0.01015625 0.00703125
1 0.246875 0.4671875 0.01015625 0.00625
24 0.215625 0.46015625 0.01015625 0.00625
17 0.18203125 0.453125 0.00859375 0.00546875
21 0.24296875 0.48359375 0.009375 0.00625
12 0.22265625 0.5078125 0.01015625 0.00703125
10 0.2328125 0.5484375 0.009375 0.00703125
3 0.2765625 0.53828125 0.01015625 0.00625
15 0.2484375 0.60390625 0.009375 0.00703125
9 0.29453125 0.63125 0.0109375 0.00703125
6 0.32734375 0.38125 0.009375 0.00625
19 0.62421875 0.51796875 0.0140625 0.009375
20 0.6859375 0.35859375 0.0140625 0.009375
16 0.6234375 0.38203125 0.01484375 0.009375
22 0.28203125 0.36328125 0.025 0.00546875
4 0.28125 0.37109375 0.03203125 0.00625
11 0.29453125 0.39453125 0.021875 0.00625
13 0.28515625 0.37890625 0.0109375 0.00703125
7 0.3515625 0.33046875 0.0140625 0.01015625
2 0.2140625 0.47734375 0.009375 0.00625