23 0.7046875 0.19921875 0.01015625 0.0171875
8 0.72890625 0.3625 0.01015625 0.0171875
14 0.71953125 0.41015625 0.009375 0.0171875
6 0.66640625 0.421875 0.009375 0.0171875
17 0.75859375 0.5359375 0.00625 0.0125
21 0.73046875 0.575 0.0078125 0.0109375
1 0.71875 0.553125 0.00859375 0.0140625
12 0.73828125 0.61796875 0.00625 0.01015625
3 0.70078125 0.6640625 0.00703125 0.0109375
9 0.67578125 0.796875 0.00625 0.009375
19 0.4765625 0.39375 0.009375 0.0171875
16 0.51875 0.434375 0.009375 0.0171875
20 0.503125 0.57578125 0.009375 0.0171875
2 0.75078125 0.559375 0.00546875 0.00859375
24 0.74296875 0.54296875 0.00703125 0.0125
10 0.7359375 0.68359375 0.00703125 0.009375
15 0.70625 0.7671875 0.00625 0.0109375
4 0.7015625 0.41015625 0.021875 0.00703125
11 0.69296875 0.440625 0.0234375 0.00703125
13 0.69453125 0.42109375 0.009375 0.0171875
7 0.6765625 0.35390625 0.01015625 0.0171875
18 0.7390625 0.48203125 0.00703125 0.0140625
0 0.715625 0.57890625 0.0078125 0.01015625
22 0.69921875 0.39609375 0.021875 0.00703125