23 0.33046875 0.18828125 0.009375 0.00625
8 0.27890625 0.2984375 0.009375 0.00625
14 0.28359375 0.33046875 0.00859375 0.00625
6 0.3484375 0.33671875 0.009375 0.00625
17 0.221875 0.41015625 0.00859375 0.00625
1 0.26953125 0.42109375 0.009375 0.00625
12 0.24375 0.459375 0.00703125 0.00625
3 0.275 0.490625 0.00859375 0.00625
9 0.31171875 0.56796875 0.009375 0.00625
19 0.63515625 0.34296875 0.00859375 0.00625
16 0.5703125 0.3609375 0.009375 0.00625
20 0.5734375 0.45546875 0.00859375 0.00625
15 0.2765625 0.54609375 0.009375 0.00625
10 0.2453125 0.50625 0.009375 0.00625
2 0.23828125 0.42421875 0.00859375 0.00625
0 0.27265625 0.4375 0.009375 0.00625
18 0.25234375 0.38125 0.00859375 0.00625
7 0.34375 0.296875 0.009375 0.00625
4 0.30234375 0.32734375 0.02265625 0.00546875
11 0.3109375 0.34921875 0.0234375 0.00703125
13 0.30546875 0.3375 0.00859375 0.00625
24 0.24140625 0.4125 0.009375 0.00625
21 0.2546875 0.43125 0.009375 0.00625
22 0.3015625 0.32109375 0.02265625 0.00546875