23 0.3734375 0.20703125 0.0078125 0.0140625
8 0.33359375 0.434375 0.0078125 0.0109375
14 0.32734375 0.4796875 0.0078125 0.01328125
6 0.41328125 0.48359375 0.00703125 0.01171875
17 0.29296875 0.5828125 0.0078125 0.0109375
1 0.3453125 0.59296875 0.0078125 0.01015625
12 0.32265625 0.6578125 0.00859375 0.0125
3 0.3703125 0.7 0.00703125 0.01328125
9 0.38984375 0.81953125 0.00625 0.00859375
19 0.61171875 0.42734375 0.0078125 0.0140625
16 0.571875 0.4671875 0.0078125 0.01328125
20 0.5765625 0.621875 0.00859375 0.01328125
15 0.35390625 0.79609375 0.00625 0.00859375
10 0.33203125 0.73046875 0.00703125 0.01015625
2 0.3078125 0.60234375 0.00703125 0.009375
0 0.35 0.61796875 0.00703125 0.01015625
18 0.315625 0.52578125 0.00703125 0.01171875
7 0.415625 0.428125 0.00703125 0.01171875
4 0.3703125 0.46171875 0.0234375 0.0078125
11 0.375 0.5015625 0.01796875 0.009375
13 0.371875 0.478125 0.009375 0.0125
24 0.321875 0.5859375 0.00703125 0.009375
21 0.3171875 0.6125 0.00703125 0.01015625
22 0.37109375 0.4546875 0.0234375 0.0078125