23 0.36015625 0.26875 0.00859375 0.0140625
8 0.3546875 0.48125 0.0078125 0.0109375
14 0.3671875 0.54296875 0.0078125 0.01328125
6 0.42578125 0.54296875 0.00703125 0.01171875
17 0.34375 0.65234375 0.0078125 0.0109375
1 0.38515625 0.6625 0.0078125 0.01015625
12 0.36796875 0.73359375 0.00859375 0.0125
3 0.41875 0.76953125 0.00703125 0.0125
9 0.43046875 0.89921875 0.00625 0.00859375
19 0.64375 0.453125 0.0078125 0.0140625
16 0.609375 0.48984375 0.0078125 0.01328125
20 0.6171875 0.64140625 0.00859375 0.0125
15 0.39609375 0.86796875 0.00625 0.00859375
10 0.3796875 0.815625 0.00703125 0.01015625
2 0.35703125 0.675 0.00703125 0.009375
0 0.39140625 0.6859375 0.00703125 0.01015625
18 0.359375 0.596875 0.00703125 0.0109375
7 0.4140625 0.48046875 0.00703125 0.0125
4 0.38046875 0.52890625 0.0234375 0.0078125
11 0.39296875 0.56640625 0.01796875 0.009375
13 0.38671875 0.54375 0.009375 0.0125
24 0.3640625 0.659375 0.00703125 0.009375
21 0.36875 0.68828125 0.00703125 0.01015625
22 0.38125 0.52109375 0.02421875 0.009375