23 0.2015625 0.18203125 0.009375 0.00625
8 0.14765625 0.303125 0.009375 0.00625
14 0.16328125 0.3453125 0.00859375 0.00625
6 0.23125 0.3625 0.009375 0.00625
17 0.09296875 0.4390625 0.00859375 0.00625
1 0.153125 0.45 0.009375 0.00625
12 0.13203125 0.496875 0.0078125 0.00625
3 0.20625 0.525 0.00859375 0.00625
9 0.209375 0.61796875 0.009375 0.00625
19 0.56484375 0.3625 0.00859375 0.00625
16 0.50859375 0.37890625 0.00859375 0.00625
20 0.5453125 0.50234375 0.00859375 0.00625
15 0.17421875 0.59453125 0.009375 0.00625
10 0.1515625 0.54375 0.009375 0.00625
2 0.1140625 0.45859375 0.009375 0.00625
0 0.17109375 0.46875 0.009375 0.00625
18 0.1328125 0.39921875 0.009375 0.00625
7 0.2265625 0.30546875 0.009375 0.00625
4 0.17578125 0.34609375 0.0234375 0.00546875
11 0.18828125 0.371875 0.0234375 0.00703125
13 0.1875 0.3578125 0.00859375 0.00625
24 0.11328125 0.44375 0.009375 0.00625
21 0.14375 0.46640625 0.009375 0.00625
22 0.17265625 0.33828125 0.021875 0.00546875