8 0.1875 0.3953125 0.0109375 0.00703125
23 0.22421875 0.2890625 0.01171875 0.0078125
14 0.19609375 0.42890625 0.009375 0.00703125
6 0.26640625 0.42578125 0.01015625 0.00703125
22 0.22890625 0.4125 0.021875 0.0046875
4 0.23046875 0.41796875 0.02578125 0.0046875
11 0.2375 0.43671875 0.021875 0.00546875
13 0.234375 0.4234375 0.00859375 0.00625
17 0.14140625 0.496875 0.01171875 0.00703125
24 0.18046875 0.49921875 0.01015625 0.00625
0 0.21015625 0.52109375 0.0109375 0.00703125
1 0.20625 0.5078125 0.0109375 0.00625
12 0.18125 0.54921875 0.01015625 0.00703125
3 0.24609375 0.5671875 0.01015625 0.00703125
10 0.20390625 0.58828125 0.0109375 0.00625
21 0.1875 0.525 0.01171875 0.0078125
15 0.21796875 0.62578125 0.009375 0.00625
9 0.25625 0.64609375 0.009375 0.00625
16 0.50234375 0.409375 0.01015625 0.00703125
20 0.51796875 0.51875 0.0109375 0.0078125
19 0.53984375 0.3921875 0.01171875 0.00625
7 0.28359375 0.3984375 0.0109375 0.00703125
2 0.16875 0.5171875 0.01171875 0.0078125