23 0.2359375 0.21015625 0.009375 0.00625
8 0.1984375 0.36484375 0.009375 0.00625
14 0.196875 0.40234375 0.0078125 0.00625
6 0.31640625 0.41328125 0.009375 0.00625
17 0.1359375 0.503125 0.00859375 0.00625
1 0.22578125 0.51484375 0.009375 0.00625
12 0.18359375 0.57421875 0.00703125 0.00625
3 0.275 0.60234375 0.00859375 0.00625
9 0.3015625 0.6984375 0.009375 0.00625
19 0.71171875 0.40703125 0.00859375 0.00625
16 0.6390625 0.42890625 0.00859375 0.00625
20 0.63203125 0.55 0.00859375 0.00625
15 0.2453125 0.67734375 0.009375 0.00625
10 0.215625 0.63125 0.009375 0.00625
2 0.1671875 0.52734375 0.0078125 0.00625
0 0.228125 0.53125 0.009375 0.00625
18 0.16640625 0.459375 0.0078125 0.00625
7 0.309375 0.36328125 0.009375 0.00625
11 0.271875 0.42421875 0.0234375 0.00703125
13 0.2703125 0.40859375 0.0078125 0.00625
24 0.17421875 0.5125 0.009375 0.00625
21 0.18515625 0.53671875 0.00859375 0.00625
4 0.2578125 0.39765625 0.02265625 0.00546875
22 0.2578125 0.38828125 0.0234375 0.00546875