23 0.684375 0.3796875 0.009375 0.00703125
6 0.67890625 0.51796875 0.0078125 0.0046875
14 0.72109375 0.50546875 0.009375 0.00625
8 0.73046875 0.48046875 0.00859375 0.00546875
17 0.759375 0.56796875 0.0078125 0.0046875
21 0.725 0.58671875 0.00859375 0.00546875
1 0.71875 0.5796875 0.00859375 0.00546875
12 0.73203125 0.6125 0.00859375 0.00546875
24 0.73828125 0.57421875 0.0078125 0.0046875
3 0.69140625 0.63359375 0.0078125 0.00546875
10 0.715625 0.646875 0.0078125 0.0046875
15 0.70390625 0.67265625 0.01015625 0.00625
9 0.675 0.6921875 0.009375 0.00625
20 0.4625 0.60703125 0.00859375 0.00546875
4 0.709375 0.5125 0.01875 0.0046875
11 0.69765625 0.52578125 0.01796875 0.0046875
25 0.70390625 0.51796875 0.00703125 0.0046875
0 0.71484375 0.58984375 0.0078125 0.00546875
19 0.43515625 0.49296875 0.00859375 0.00546875
16 0.46796875 0.5078125 0.00859375 0.00625
22 0.70703125 0.50625 0.01875 0.0046875
7 0.6625 0.4921875 0.00859375 0.00546875
2 0.7375 0.58359375 0.0078125 0.0046875