14 0.79375 0.39140625 0.009375 0.00703125
6 0.70859375 0.4015625 0.009375 0.00703125
17 0.8578125 0.4625 0.009375 0.00703125
21 0.82734375 0.48828125 0.009375 0.00703125
1 0.80078125 0.47890625 0.009375 0.00703125
12 0.83359375 0.51328125 0.009375 0.00703125
3 0.77265625 0.5546875 0.009375 0.00703125
9 0.73046875 0.63515625 0.009375 0.00703125
19 0.39453125 0.4265625 0.009375 0.00703125
16 0.44140625 0.43828125 0.009375 0.00703125
20 0.47890625 0.521875 0.009375 0.00703125
2 0.8515625 0.47734375 0.009375 0.00703125
24 0.825 0.47578125 0.009375 0.00703125
10 0.82265625 0.57265625 0.009375 0.00703125
15 0.7734375 0.61171875 0.009375 0.00703125
22 0.76015625 0.3765625 0.03125 0.00546875
4 0.765625 0.384375 0.03125 0.0046875
11 0.7546875 0.409375 0.02578125 0.00546875
13 0.759375 0.39375 0.009375 0.00703125
18 0.821875 0.42890625 0.009375 0.00703125
0 0.7953125 0.49609375 0.009375 0.00703125