23 0.67578125 0.24765625 0.009375 0.00703125
8 0.69296875 0.35 0.009375 0.00703125
14 0.671875 0.37890625 0.009375 0.00703125
6 0.63203125 0.38359375 0.009375 0.00703125
17 0.7140625 0.4390625 0.009375 0.00703125
21 0.6859375 0.465625 0.009375 0.00703125
1 0.6734375 0.45234375 0.009375 0.00703125
12 0.6953125 0.48515625 0.009375 0.00703125
3 0.653125 0.50859375 0.009375 0.00703125
9 0.634375 0.56953125 0.009375 0.00703125
19 0.38828125 0.3546875 0.009375 0.00703125
16 0.43984375 0.378125 0.009375 0.00703125
20 0.4265625 0.4640625 0.009375 0.00703125
2 0.70703125 0.45625 0.009375 0.00703125
24 0.70078125 0.446875 0.009375 0.00703125
10 0.684375 0.51953125 0.009375 0.00703125
15 0.6578125 0.55390625 0.009375 0.00703125
11 0.65390625 0.390625 0.0265625 0.00546875
13 0.65859375 0.38125 0.009375 0.00703125
7 0.65546875 0.35703125 0.01015625 0.00703125
18 0.6953125 0.4203125 0.009375 0.00703125
0 0.66796875 0.46328125 0.009375 0.00703125
4 0.665625 0.375 0.03203125 0.0046875