23 0.58515625 0.33828125 0.009375 0.00703125
6 0.55703125 0.45 0.009375 0.00703125
17 0.63359375 0.49765625 0.009375 0.00703125
21 0.609375 0.5296875 0.009375 0.00703125
1 0.603125 0.51328125 0.009375 0.00703125
12 0.6140625 0.553125 0.009375 0.00703125
3 0.59375 0.58046875 0.009375 0.00703125
9 0.590625 0.64296875 0.009375 0.00703125
19 0.2875 0.46953125 0.009375 0.00703125
16 0.321875 0.47890625 0.009375 0.00703125
20 0.33125 0.56171875 0.009375 0.00703125
2 0.63359375 0.509375 0.009375 0.00703125
24 0.6234375 0.5046875 0.009375 0.00703125
10 0.62421875 0.58828125 0.009375 0.00703125
15 0.6140625 0.62578125 0.009375 0.00703125
22 0.59140625 0.4265625 0.03125 0.00546875
4 0.596875 0.43828125 0.03125 0.0046875
11 0.58359375 0.45703125 0.02578125 0.00546875
13 0.58984375 0.4453125 0.009375 0.00703125
7 0.53828125 0.41640625 0.009375 0.00703125
18 0.6140625 0.47109375 0.009375 0.00703125
0 0.59296875 0.528125 0.009375 0.00703125