23 0.421875 0.26875 0.00703125 0.00859375
8 0.38984375 0.4203125 0.00703125 0.01015625
14 0.39375 0.45390625 0.00625 0.0109375
6 0.43359375 0.4828125 0.0078125 0.0109375
22 0.41171875 0.4546875 0.0125 0.0078125
4 0.409375 0.4640625 0.0125 0.009375
11 0.4140625 0.4953125 0.01484375 0.009375
13 0.41015625 0.47421875 0.00625 0.009375
17 0.3546875 0.5609375 0.0078125 0.01171875
24 0.3734375 0.56640625 0.00703125 0.009375
1 0.3953125 0.58046875 0.00703125 0.01015625
0 0.39609375 0.6 0.00703125 0.009375
12 0.378125 0.63359375 0.00703125 0.009375
3 0.4109375 0.67734375 0.0078125 0.01015625
10 0.396875 0.7 0.00625 0.01015625
15 0.4125 0.7484375 0.00859375 0.01015625
9 0.43359375 0.775 0.0078125 0.009375
16 0.571875 0.53203125 0.00703125 0.00859375
20 0.57109375 0.6421875 0.0078125 0.00859375
7 0.446875 0.44296875 0.00703125 0.01015625
21 0.38515625 0.5984375 0.00703125 0.009375
2 0.37109375 0.58828125 0.00703125 0.009375