23 0.725 0.2625 0.009375 0.00703125
8 0.759375 0.38515625 0.009375 0.00703125
14 0.740625 0.42109375 0.009375 0.00703125
6 0.67734375 0.421875 0.009375 0.00703125
17 0.78828125 0.48515625 0.009375 0.00703125
21 0.759375 0.5125 0.009375 0.00703125
1 0.73828125 0.496875 0.009375 0.00703125
12 0.76484375 0.53984375 0.009375 0.00703125
3 0.7140625 0.5640625 0.009375 0.00703125
9 0.715625 0.63828125 0.009375 0.00703125
19 0.38203125 0.4015625 0.009375 0.00703125
16 0.4171875 0.4140625 0.009375 0.00703125
20 0.43125 0.50234375 0.009375 0.00703125
2 0.78515625 0.4984375 0.009375 0.00703125
24 0.76796875 0.49296875 0.009375 0.00703125
10 0.753125 0.58125 0.009375 0.00703125
15 0.73984375 0.6171875 0.009375 0.00703125
22 0.721875 0.40625 0.03125 0.00546875
4 0.725 0.4125 0.03125 0.0046875
11 0.71875 0.4296875 0.02578125 0.00546875
13 0.7265625 0.421875 0.009375 0.00703125
7 0.6671875 0.38046875 0.009375 0.00703125
18 0.7640625 0.459375 0.009375 0.00703125
0 0.73046875 0.5125 0.009375 0.00703125