23 0.23515625 0.2609375 0.009375 0.00703125
8 0.21171875 0.3921875 0.009375 0.00703125
14 0.22734375 0.4265625 0.01171875 0.00703125
6 0.290625 0.4296875 0.0109375 0.00703125
22 0.2515625 0.40703125 0.02578125 0.00625
4 0.24609375 0.41875 0.02578125 0.00625
11 0.265625 0.440625 0.0265625 0.00625
13 0.25625 0.4296875 0.01328125 0.0078125
17 0.19609375 0.51953125 0.009375 0.00703125
24 0.21875 0.52109375 0.01015625 0.00703125
1 0.24921875 0.52578125 0.009375 0.00703125
0 0.2578125 0.5359375 0.009375 0.00703125
12 0.240625 0.5734375 0.009375 0.00703125
3 0.30625 0.596875 0.009375 0.00703125
10 0.26640625 0.62265625 0.009375 0.00703125
21 0.2421875 0.53671875 0.009375 0.00703125
15 0.3375 0.6671875 0.009375 0.00703125
9 0.39140625 0.68671875 0.009375 0.00703125
16 0.575 0.41640625 0.00859375 0.00625
19 0.63046875 0.39453125 0.00859375 0.00625
20 0.60078125 0.54296875 0.01015625 0.00703125
18 0.2109375 0.47109375 0.009375 0.00703125
7 0.3125 0.3890625 0.0109375 0.00703125
2 0.225 0.53671875 0.009375 0.00703125