8 0.19921875 0.50546875 0.009375 0.00625
23 0.2453125 0.3796875 0.009375 0.00546875
14 0.20625 0.53046875 0.00859375 0.00546875
6 0.2890625 0.53671875 0.00859375 0.00546875
22 0.25078125 0.51953125 0.01953125 0.0046875
24 0.20703125 0.59453125 0.009375 0.00546875
4 0.25078125 0.528125 0.021875 0.00546875
13 0.25546875 0.53515625 0.00859375 0.00546875
17 0.1796875 0.59375 0.009375 0.00625
11 0.26171875 0.54375 0.0203125 0.0046875
0 0.24296875 0.61328125 0.00859375 0.00625
1 0.2328125 0.6015625 0.00859375 0.00546875
12 0.2171875 0.640625 0.009375 0.00546875
3 0.28359375 0.6546875 0.0078125 0.00546875
15 0.26875 0.71015625 0.00859375 0.00546875
21 0.22109375 0.61328125 0.009375 0.00546875
9 0.31015625 0.73203125 0.00859375 0.0046875
16 0.5140625 0.53515625 0.0078125 0.0046875
20 0.515625 0.62265625 0.00859375 0.0046875
19 0.5546875 0.51640625 0.0078125 0.0046875
7 0.3046875 0.503125 0.01015625 0.00625
10 0.23671875 0.67578125 0.00859375 0.00546875
2 0.20234375 0.6109375 0.009375 0.00546875