8 0.3515625 0.46171875 0.0046875 0.00703125
23 0.36640625 0.296875 0.00546875 0.00859375
14 0.35703125 0.50078125 0.00390625 0.00546875
6 0.39375 0.51328125 0.00390625 0.00546875
22 0.36640625 0.490625 0.0109375 0.00546875
4 0.3671875 0.496875 0.0109375 0.00546875
11 0.38046875 0.525 0.01484375 0.00546875
13 0.3734375 0.50859375 0.0046875 0.00625
17 0.32734375 0.60234375 0.003125 0.00546875
24 0.346875 0.60859375 0.00390625 0.0046875
1 0.36328125 0.621875 0.003125 0.0046875
12 0.3453125 0.66875 0.003125 0.0046875
3 0.3796875 0.715625 0.0046875 0.00546875
10 0.35625 0.7421875 0.0046875 0.00546875
21 0.35390625 0.6375 0.0046875 0.00546875
15 0.384375 0.8 0.00390625 0.00546875
9 0.40546875 0.82890625 0.00390625 0.00546875
16 0.553125 0.51796875 0.0046875 0.00625
19 0.57890625 0.49140625 0.00390625 0.00625
20 0.55546875 0.665625 0.0046875 0.00625
0 0.36640625 0.6359375 0.003125 0.00546875
7 0.40390625 0.45625 0.00703125 0.009375
2 0.340625 0.62890625 0.0046875 0.00546875