23 0.7046875 0.3296875 0.0078125 0.0046875
6 0.66328125 0.49453125 0.01015625 0.0078125
14 0.7609375 0.47265625 0.00625 0.0046875
8 0.7609375 0.45078125 0.00625 0.0046875
17 0.8015625 0.54296875 0.00703125 0.00390625
21 0.76796875 0.5625 0.00703125 0.00390625
1 0.7453125 0.5546875 0.00625 0.00390625
12 0.77265625 0.59140625 0.0078125 0.0046875
24 0.77421875 0.546875 0.00625 0.00390625
3 0.70703125 0.61484375 0.00625 0.00390625
15 0.7375 0.6609375 0.00703125 0.0046875
9 0.7046875 0.6859375 0.00703125 0.00390625
20 0.45703125 0.596875 0.00859375 0.0046875
4 0.70703125 0.4828125 0.021875 0.0046875
11 0.69375 0.4984375 0.028125 0.0046875
13 0.7015625 0.490625 0.00703125 0.0046875
0 0.7390625 0.565625 0.00625 0.00390625
22 0.7 0.471875 0.01875 0.00390625
16 0.428125 0.50859375 0.00703125 0.0046875
19 0.3953125 0.50078125 0.0078125 0.0046875
7 0.64140625 0.46015625 0.00625 0.00390625
10 0.753125 0.6296875 0.00703125 0.00390625
2 0.78046875 0.56015625 0.00625 0.00390625