23 0.3140625 0.2171875 0.009375 0.00625
8 0.2921875 0.315625 0.009375 0.00625
14 0.30546875 0.35390625 0.0078125 0.00625
6 0.33984375 0.346875 0.009375 0.00625
17 0.27109375 0.40703125 0.0078125 0.00625
1 0.30234375 0.415625 0.009375 0.00625
12 0.303125 0.45234375 0.00703125 0.00625
3 0.3375 0.46953125 0.0078125 0.00625
9 0.37890625 0.5328125 0.009375 0.00625
19 0.5265625 0.315625 0.00859375 0.00625
16 0.5046875 0.33203125 0.00859375 0.00625
20 0.5390625 0.4125 0.009375 0.00625
15 0.35 0.51796875 0.009375 0.00625
10 0.31953125 0.4859375 0.009375 0.00625
2 0.28203125 0.4234375 0.0078125 0.00625
0 0.31640625 0.42578125 0.009375 0.00625
18 0.28515625 0.3875 0.0078125 0.00625
7 0.3265625 0.3109375 0.009375 0.00625
11 0.3171875 0.3578125 0.0234375 0.00703125
13 0.309375 0.34765625 0.0078125 0.00625
24 0.2859375 0.41328125 0.009375 0.00625
21 0.3078125 0.428125 0.00859375 0.00625
4 0.3 0.34140625 0.0234375 0.00546875
22 0.3 0.334375 0.0234375 0.00546875