23 0.18671875 0.32421875 0.0171875 0.01171875
8 0.15625 0.43984375 0.0140625 0.009375
6 0.23515625 0.4703125 0.015625 0.01171875
14 0.15625 0.45703125 0.0125 0.009375
1 0.1796875 0.56171875 0.0125 0.00859375
24 0.14921875 0.55390625 0.0140625 0.0078125
17 0.109375 0.5484375 0.01484375 0.00859375
21 0.1640625 0.57734375 0.0140625 0.00859375
0 0.1890625 0.57421875 0.0140625 0.00859375
12 0.1515625 0.60078125 0.0140625 0.00859375
3 0.2265625 0.61875 0.0140625 0.00859375
10 0.175 0.64375 0.0140625 0.00859375
15 0.20390625 0.68828125 0.0140625 0.00859375
9 0.23828125 0.70234375 0.0140625 0.00859375
16 0.46484375 0.471875 0.0171875 0.01171875
19 0.5234375 0.4546875 0.01640625 0.01171875
20 0.47265625 0.57578125 0.0171875 0.01171875
22 0.1859375 0.45546875 0.01640625 0.00390625
4 0.1875 0.46171875 0.02578125 0.0046875
11 0.2 0.47734375 0.02734375 0.00625
13 0.190625 0.46796875 0.009375 0.00625
7 0.2546875 0.43828125 0.0140625 0.009375
2 0.140625 0.57421875 0.0140625 0.00859375