23 0.3546875 0.20859375 0.009375 0.00625
6 0.38984375 0.4203125 0.009375 0.00625
17 0.3328125 0.5125 0.00859375 0.00625
1 0.35546875 0.52578125 0.009375 0.00625
12 0.34765625 0.5890625 0.00859375 0.00625
3 0.37734375 0.61953125 0.00859375 0.00625
9 0.3828125 0.725 0.009375 0.00625
19 0.559375 0.36484375 0.00859375 0.00625
16 0.54296875 0.3921875 0.00859375 0.00625
20 0.5390625 0.515625 0.00859375 0.00625
15 0.36484375 0.69765625 0.009375 0.00625
10 0.35625 0.6421875 0.009375 0.00625
2 0.334375 0.5296875 0.009375 0.00625
0 0.36328125 0.546875 0.009375 0.00625
18 0.3421875 0.48046875 0.00859375 0.00625
7 0.39453125 0.36328125 0.009375 0.00625
22 0.35859375 0.403125 0.0234375 0.00546875
4 0.36015625 0.41328125 0.0234375 0.00546875
11 0.36640625 0.4375 0.0171875 0.00390625
13 0.3609375 0.425 0.009375 0.00625
24 0.34296875 0.51484375 0.009375 0.00625
21 0.35 0.54921875 0.00859375 0.00625