23 0.63203125 0.2578125 0.009375 0.00703125
8 0.66171875 0.36171875 0.009375 0.00703125
14 0.6578125 0.3828125 0.009375 0.00703125
6 0.60390625 0.390625 0.009375 0.00703125
17 0.68125 0.4296875 0.009375 0.00703125
21 0.65859375 0.44765625 0.009375 0.00703125
1 0.646875 0.43984375 0.009375 0.00703125
12 0.66171875 0.4671875 0.009375 0.00703125
3 0.62734375 0.4859375 0.009375 0.00703125
9 0.6078125 0.5359375 0.009375 0.00703125
19 0.39375 0.35625 0.009375 0.00703125
16 0.43984375 0.37421875 0.009375 0.00703125
20 0.43203125 0.43671875 0.009375 0.00703125
2 0.671875 0.44296875 0.009375 0.00703125
24 0.66640625 0.43671875 0.009375 0.00703125
10 0.65 0.50234375 0.009375 0.00703125
15 0.6328125 0.525 0.009375 0.00703125
11 0.62578125 0.40390625 0.0265625 0.00546875
13 0.63359375 0.39609375 0.009375 0.00703125
7 0.6265625 0.3625 0.01015625 0.00703125
18 0.66875 0.41015625 0.009375 0.00703125
0 0.6453125 0.44765625 0.009375 0.00703125
4 0.640625 0.390625 0.03203125 0.0046875