23 0.7671875 0.153125 0.01640625 0.0109375
8 0.85625 0.31171875 0.015625 0.0109375
14 0.8296875 0.37421875 0.01328125 0.00859375
0 0.83671875 0.51484375 0.0125 0.0078125
1 0.8453125 0.49375 0.0109375 0.0078125
24 0.87421875 0.48515625 0.01171875 0.0078125
17 0.90390625 0.48046875 0.01328125 0.00859375
21 0.86328125 0.51171875 0.0140625 0.00859375
12 0.88203125 0.55 0.015625 0.0109375
10 0.84296875 0.61484375 0.0140625 0.00859375
3 0.7984375 0.58671875 0.015625 0.009375
15 0.79296875 0.6578125 0.01484375 0.009375
9 0.7375 0.690625 0.01484375 0.01015625
6 0.746875 0.3734375 0.0125 0.0078125
19 0.38046875 0.540625 0.01328125 0.0078125
20 0.26953125 0.36796875 0.0140625 0.00859375
16 0.35 0.3890625 0.01328125 0.00859375
22 0.80625 0.3453125 0.0234375 0.00625
4 0.80625 0.35390625 0.0265625 0.00546875
11 0.7921875 0.38984375 0.0296875 0.0078125
13 0.79765625 0.3703125 0.0125 0.00859375
7 0.68515625 0.32421875 0.015625 0.01015625
2 0.878125 0.50078125 0.0140625 0.009375