23 0.7 0.40078125 0.00859375 0.00546875
6 0.6671875 0.5375 0.00859375 0.00546875
14 0.72109375 0.51875 0.0109375 0.00703125
8 0.7265625 0.4953125 0.00859375 0.00546875
17 0.77265625 0.584375 0.009375 0.00625
21 0.73828125 0.60703125 0.00859375 0.00546875
1 0.72578125 0.59453125 0.009375 0.00625
12 0.74375 0.62734375 0.009375 0.00625
24 0.74140625 0.5890625 0.00859375 0.00625
3 0.6921875 0.65390625 0.009375 0.00625
10 0.72265625 0.66953125 0.009375 0.00625
15 0.71171875 0.6953125 0.00859375 0.00546875
9 0.68515625 0.71328125 0.009375 0.00546875
20 0.4625 0.63203125 0.009375 0.00546875
4 0.70390625 0.525 0.0171875 0.00390625
11 0.69375 0.5453125 0.02109375 0.0046875
13 0.70234375 0.5296875 0.00703125 0.0046875
0 0.715625 0.603125 0.009375 0.00625
22 0.7046875 0.5203125 0.015625 0.00390625
19 0.425 0.5234375 0.00859375 0.00546875
16 0.44921875 0.53203125 0.0078125 0.0046875
7 0.65625 0.50703125 0.00859375 0.00546875
2 0.7515625 0.6015625 0.00859375 0.00625