23 0.39765625 0.2015625 0.00859375 0.0140625
8 0.371875 0.38125 0.0078125 0.0109375
14 0.37265625 0.421875 0.0078125 0.01328125
6 0.4125 0.43828125 0.00703125 0.01171875
17 0.34375 0.52578125 0.0078125 0.0109375
1 0.3796875 0.5390625 0.0078125 0.01015625
12 0.365625 0.59921875 0.00859375 0.0125
3 0.3984375 0.63671875 0.00703125 0.0125
9 0.421875 0.75 0.00625 0.00859375
19 0.59921875 0.4171875 0.00859375 0.0140625
16 0.565625 0.43984375 0.0078125 0.01328125
20 0.5703125 0.575 0.0078125 0.0125
15 0.39296875 0.7203125 0.00625 0.00859375
10 0.36953125 0.66328125 0.00703125 0.01015625
2 0.35390625 0.54453125 0.00703125 0.009375
0 0.3828125 0.5640625 0.00703125 0.01015625
18 0.35625 0.4875 0.00703125 0.0109375
7 0.41328125 0.3796875 0.00703125 0.0125
4 0.384375 0.41953125 0.0234375 0.0078125
11 0.39296875 0.4515625 0.01796875 0.009375
13 0.3890625 0.434375 0.009375 0.01171875
24 0.359375 0.53515625 0.00703125 0.009375
21 0.36875 0.5609375 0.00703125 0.01015625
22 0.38671875 0.4078125 0.0234375 0.009375