14 0.7640625 0.37578125 0.009375 0.00703125
6 0.68125 0.38125 0.009375 0.00703125
17 0.825 0.459375 0.009375 0.00703125
21 0.7859375 0.48515625 0.009375 0.00703125
1 0.7703125 0.46953125 0.009375 0.00703125
12 0.80078125 0.51484375 0.009375 0.00703125
3 0.740625 0.55 0.009375 0.00703125
9 0.71640625 0.646875 0.009375 0.00703125
19 0.3875 0.3921875 0.009375 0.00703125
16 0.41640625 0.40546875 0.009375 0.00703125
20 0.4546875 0.5015625 0.009375 0.00703125
2 0.81484375 0.4734375 0.009375 0.00703125
24 0.79609375 0.465625 0.009375 0.00703125
10 0.784375 0.5734375 0.009375 0.00703125
15 0.75703125 0.62578125 0.009375 0.00703125
22 0.73125 0.35546875 0.03125 0.00546875
4 0.73671875 0.365625 0.03125 0.0046875
11 0.728125 0.38984375 0.02578125 0.00546875
13 0.7296875 0.37578125 0.009375 0.00703125
7 0.63515625 0.34765625 0.009375 0.00703125
18 0.790625 0.41328125 0.009375 0.00703125
0 0.76484375 0.48671875 0.009375 0.00703125