23 0.778125 0.33203125 0.009375 0.00703125
8 0.81640625 0.4453125 0.009375 0.00703125
14 0.80078125 0.4828125 0.009375 0.00703125
6 0.7265625 0.49921875 0.009375 0.00703125
17 0.8734375 0.56171875 0.009375 0.00703125
21 0.84296875 0.5859375 0.009375 0.00703125
1 0.82109375 0.571875 0.009375 0.00703125
12 0.85078125 0.61875 0.009375 0.00703125
3 0.79921875 0.65 0.009375 0.00703125
9 0.74765625 0.740625 0.009375 0.00703125
19 0.39609375 0.52109375 0.009375 0.00703125
16 0.45625 0.5359375 0.009375 0.00703125
20 0.48046875 0.634375 0.009375 0.00703125
2 0.86484375 0.575 0.009375 0.00703125
24 0.8546875 0.56640625 0.009375 0.00703125
10 0.84296875 0.67421875 0.009375 0.00703125
15 0.80234375 0.72109375 0.009375 0.00703125
4 0.778125 0.48203125 0.03125 0.0046875
11 0.7671875 0.50703125 0.02578125 0.00546875
13 0.77265625 0.49296875 0.009375 0.00703125
7 0.734375 0.45625 0.009375 0.00703125
18 0.84375 0.53046875 0.009375 0.00703125
0 0.821875 0.590625 0.009375 0.00703125