23 0.40390625 0.228125 0.00546875 0.0078125
8 0.378125 0.42734375 0.00546875 0.00703125
6 0.43203125 0.48046875 0.00625 0.00859375
14 0.38515625 0.46328125 0.0046875 0.00703125
1 0.39921875 0.60234375 0.0078125 0.01171875
24 0.38046875 0.5953125 0.00703125 0.0109375
17 0.35234375 0.5875 0.00546875 0.00859375
21 0.38515625 0.62734375 0.00859375 0.0125
0 0.3984375 0.62734375 0.00625 0.0078125
12 0.3828125 0.6625 0.0078125 0.01015625
3 0.4140625 0.7015625 0.00703125 0.009375
10 0.4015625 0.7296875 0.00859375 0.01015625
15 0.4125 0.7765625 0.00625 0.009375
9 0.434375 0.81015625 0.00546875 0.00859375
16 0.63359375 0.41875 0.00625 0.0078125
19 0.5984375 0.46328125 0.00625 0.0078125
20 0.6109375 0.62265625 0.00625 0.00859375
22 0.40859375 0.44921875 0.0171875 0.01015625
4 0.4078125 0.46953125 0.02109375 0.0078125
11 0.41171875 0.49921875 0.0140625 0.0078125
13 0.41171875 0.4828125 0.00625 0.009375
2 0.3703125 0.61875 0.00859375 0.01328125
7 0.43359375 0.434375 0.009375 0.01171875