23 0.23828125 0.22578125 0.009375 0.00625
8 0.18359375 0.375 0.009375 0.00625
14 0.19375 0.41171875 0.009375 0.00625
6 0.28359375 0.425 0.009375 0.00625
17 0.1390625 0.49921875 0.00859375 0.00625
1 0.20625 0.50546875 0.009375 0.00625
12 0.18046875 0.54921875 0.0078125 0.00625
3 0.24140625 0.58125 0.0078125 0.00625
9 0.25390625 0.66875 0.009375 0.00625
19 0.64453125 0.39921875 0.00859375 0.00625
16 0.575 0.42734375 0.00859375 0.00625
20 0.58125 0.54140625 0.009375 0.00625
15 0.19921875 0.6390625 0.009375 0.00625
10 0.1859375 0.59375 0.009375 0.00625
2 0.15625 0.5171875 0.009375 0.00625
0 0.2125 0.52421875 0.009375 0.00625
18 0.16796875 0.459375 0.009375 0.00625
7 0.26796875 0.36953125 0.009375 0.00625
4 0.225 0.41015625 0.02265625 0.00546875
11 0.2359375 0.43515625 0.0234375 0.00703125
13 0.234375 0.4234375 0.009375 0.00625
24 0.16328125 0.5015625 0.009375 0.00625
21 0.1875 0.52421875 0.009375 0.00625
22 0.22578125 0.40390625 0.02265625 0.00546875