23 0.325 0.15546875 0.01171875 0.0171875
8 0.3171875 0.2796875 0.009375 0.01171875
6 0.36796875 0.3234375 0.00625 0.00859375
14 0.3296875 0.3328125 0.0078125 0.01171875
1 0.33203125 0.45234375 0.0078125 0.01171875
24 0.315625 0.446875 0.00703125 0.0109375
17 0.2953125 0.4421875 0.009375 0.0140625
21 0.32265625 0.4875 0.00859375 0.01328125
0 0.3390625 0.4703125 0.0078125 0.01015625
12 0.32578125 0.5296875 0.0078125 0.01015625
3 0.3640625 0.553125 0.009375 0.01015625
10 0.33828125 0.57109375 0.00859375 0.01015625
15 0.346875 0.61875 0.00703125 0.01015625
9 0.37578125 0.66015625 0.00703125 0.01015625
16 0.57578125 0.27265625 0.00546875 0.00859375
19 0.546875 0.30625 0.00546875 0.0078125
20 0.56796875 0.4921875 0.00546875 0.00859375
22 0.34609375 0.2953125 0.01640625 0.01015625
4 0.3453125 0.3125 0.02109375 0.00859375
11 0.34921875 0.34609375 0.0125 0.00859375
13 0.34921875 0.3265625 0.00703125 0.009375
2 0.30546875 0.471875 0.00859375 0.01328125
7 0.38671875 0.26484375 0.0078125 0.01171875
18 0.31640625 0.3796875 0.0078125 0.01171875