23 0.5859375 0.28203125 0.009375 0.00703125
8 0.6234375 0.37578125 0.009375 0.00703125
14 0.61953125 0.39453125 0.009375 0.00703125
6 0.56875 0.4015625 0.009375 0.00703125
17 0.653125 0.45 0.009375 0.00703125
21 0.625 0.46796875 0.009375 0.00703125
1 0.62109375 0.45546875 0.009375 0.00703125
12 0.63125 0.4875 0.009375 0.00703125
3 0.59609375 0.5109375 0.009375 0.00703125
9 0.575 0.56640625 0.009375 0.00703125
19 0.37578125 0.3875 0.009375 0.00703125
16 0.41484375 0.403125 0.009375 0.00703125
20 0.4046875 0.47109375 0.009375 0.00703125
2 0.64296875 0.46328125 0.009375 0.00703125
24 0.640625 0.45390625 0.009375 0.00703125
10 0.62890625 0.5171875 0.009375 0.00703125
15 0.59921875 0.55078125 0.009375 0.00703125
11 0.59375 0.41171875 0.0265625 0.00546875
13 0.59765625 0.403125 0.009375 0.00703125
7 0.5828125 0.37734375 0.01015625 0.00703125
18 0.6375 0.42578125 0.009375 0.00703125
0 0.6140625 0.46953125 0.009375 0.00703125
4 0.60234375 0.39765625 0.03203125 0.0046875
22 0.6046875 0.39296875 0.03203125 0.0046875