23 0.7015625 0.2890625 0.009375 0.00703125
8 0.78125 0.4375 0.009375 0.00703125
14 0.77265625 0.46796875 0.009375 0.00703125
6 0.68828125 0.47421875 0.009375 0.00703125
17 0.83046875 0.5375 0.009375 0.00703125
21 0.80234375 0.56015625 0.009375 0.00703125
1 0.77734375 0.546875 0.009375 0.00703125
12 0.803125 0.58828125 0.009375 0.00703125
3 0.74140625 0.6140625 0.009375 0.00703125
9 0.71640625 0.68203125 0.009375 0.00703125
19 0.3953125 0.45390625 0.009375 0.00703125
16 0.45234375 0.47265625 0.009375 0.00703125
20 0.41875 0.56875 0.009375 0.00703125
2 0.82109375 0.55234375 0.009375 0.00703125
24 0.81171875 0.5421875 0.009375 0.00703125
10 0.78203125 0.62890625 0.009375 0.00703125
15 0.75390625 0.66328125 0.009375 0.00703125
4 0.73984375 0.45703125 0.03203125 0.0046875
11 0.73515625 0.48046875 0.02578125 0.00546875
13 0.7375 0.465625 0.009375 0.00703125
7 0.69140625 0.43515625 0.009375 0.00703125
18 0.80078125 0.5046875 0.009375 0.00703125
0 0.77421875 0.56484375 0.009375 0.00703125