23 0.29453125 0.23046875 0.00859375 0.00625
8 0.23671875 0.3796875 0.00859375 0.00625
14 0.21875 0.42109375 0.009375 0.00625
6 0.3265625 0.43046875 0.009375 0.00625
17 0.17265625 0.5109375 0.0078125 0.00625
1 0.2375 0.51328125 0.009375 0.00625
12 0.21328125 0.56328125 0.00859375 0.00625
3 0.290625 0.59453125 0.0078125 0.00625
9 0.31015625 0.68359375 0.009375 0.00625
19 0.68984375 0.40859375 0.00859375 0.00625
16 0.6296875 0.44140625 0.009375 0.00625
20 0.63515625 0.56171875 0.00859375 0.00625
15 0.26796875 0.6625 0.009375 0.00625
10 0.23359375 0.61875 0.009375 0.00625
2 0.20234375 0.52890625 0.009375 0.00625
0 0.246875 0.5359375 0.009375 0.00625
18 0.19296875 0.47109375 0.00859375 0.00625
7 0.3171875 0.3765625 0.009375 0.00625
4 0.26875 0.41171875 0.0234375 0.00546875
11 0.28125 0.4390625 0.0234375 0.00703125
13 0.27890625 0.425 0.009375 0.00625
24 0.2 0.5140625 0.009375 0.00625
21 0.21796875 0.53359375 0.00859375 0.00625
22 0.26953125 0.40625 0.0234375 0.00546875