23 0.184375 0.29453125 0.0109375 0.00703125
8 0.17109375 0.4109375 0.0125 0.0078125
6 0.23671875 0.4421875 0.01171875 0.00703125
14 0.18203125 0.43203125 0.01171875 0.00703125
18 0.1703125 0.45234375 0.01171875 0.00703125
1 0.19375 0.51796875 0.0140625 0.00859375
24 0.159375 0.50625 0.0140625 0.00859375
17 0.1265625 0.49921875 0.0140625 0.00859375
21 0.17109375 0.525 0.0140625 0.00859375
0 0.196875 0.5296875 0.0140625 0.00859375
12 0.17109375 0.5515625 0.0140625 0.00859375
3 0.21796875 0.578125 0.0140625 0.00859375
10 0.18984375 0.590625 0.0140625 0.0078125
15 0.20625 0.6296875 0.0140625 0.00859375
9 0.23984375 0.65 0.0140625 0.00859375
16 0.46875 0.4453125 0.0109375 0.00625
19 0.50703125 0.4265625 0.01015625 0.00625
20 0.4984375 0.5421875 0.01171875 0.00703125
22 0.20234375 0.42734375 0.03046875 0.0078125
4 0.20390625 0.43359375 0.02890625 0.00625
11 0.21171875 0.45390625 0.03046875 0.0078125
13 0.20390625 0.440625 0.0109375 0.00703125
7 0.2515625 0.415625 0.01171875 0.00703125
2 0.1515625 0.51953125 0.0140625 0.00859375