23 0.3234375 0.22734375 0.01171875 0.0171875
8 0.30859375 0.384375 0.009375 0.01171875
6 0.359375 0.4390625 0.00859375 0.01328125
14 0.31015625 0.4234375 0.00859375 0.01171875
1 0.3078125 0.55546875 0.0078125 0.01171875
24 0.290625 0.53046875 0.0078125 0.0109375
17 0.2703125 0.52421875 0.00625 0.00859375
21 0.29375 0.5640625 0.00859375 0.01328125
0 0.30859375 0.575 0.00625 0.009375
12 0.2828125 0.60703125 0.0078125 0.01015625
3 0.3234375 0.6546875 0.00703125 0.0109375
10 0.29765625 0.684375 0.00703125 0.009375
15 0.32265625 0.73515625 0.00625 0.009375
9 0.353125 0.7671875 0.00625 0.00859375
16 0.5578125 0.3953125 0.0078125 0.01171875
19 0.52578125 0.41953125 0.0078125 0.01171875
20 0.53671875 0.58359375 0.00859375 0.01171875
22 0.33046875 0.4046875 0.01484375 0.00703125
4 0.32578125 0.41328125 0.01328125 0.0078125
11 0.33515625 0.45703125 0.0203125 0.00859375
13 0.3296875 0.43125 0.00703125 0.009375
7 0.37734375 0.39453125 0.00703125 0.01015625
2 0.284375 0.5515625 0.00859375 0.0125