23 0.33671875 0.26796875 0.00703125 0.0109375
8 0.30546875 0.41328125 0.0078125 0.0125
14 0.3125 0.45390625 0.0078125 0.01015625
6 0.35234375 0.4640625 0.00703125 0.009375
22 0.33046875 0.440625 0.0140625 0.0078125
4 0.33046875 0.4515625 0.0171875 0.0078125
11 0.334375 0.478125 0.01640625 0.0078125
13 0.33125 0.46015625 0.009375 0.01171875
17 0.2828125 0.54921875 0.00703125 0.01015625
24 0.3046875 0.5578125 0.009375 0.01015625
1 0.31796875 0.56484375 0.00703125 0.01015625
0 0.32421875 0.58125 0.00859375 0.0125
12 0.30859375 0.621875 0.0078125 0.009375
3 0.3421875 0.64375 0.0078125 0.01171875
10 0.32109375 0.66328125 0.00703125 0.009375
15 0.3390625 0.71484375 0.00703125 0.009375
9 0.36015625 0.73671875 0.00546875 0.009375
16 0.48671875 0.459375 0.00546875 0.00859375
19 0.5109375 0.4296875 0.00859375 0.00859375
20 0.49609375 0.60625 0.0078125 0.01328125
7 0.36953125 0.415625 0.0078125 0.0125
21 0.31484375 0.57890625 0.00859375 0.0125
2 0.29921875 0.57265625 0.00859375 0.0125