23 0.65859375 0.17578125 0.00703125 0.01015625
8 0.68984375 0.353125 0.00703125 0.0109375
14 0.68984375 0.3859375 0.00703125 0.009375
6 0.62734375 0.41953125 0.0078125 0.0109375
22 0.65859375 0.38671875 0.015625 0.00859375
11 0.6484375 0.4328125 0.0171875 0.00703125
4 0.65859375 0.40625 0.01953125 0.009375
13 0.65390625 0.41875 0.0078125 0.0109375
0 0.6765625 0.559375 0.00625 0.00859375
17 0.72890625 0.52109375 0.00703125 0.01015625
24 0.703125 0.52578125 0.00703125 0.01015625
1 0.68125 0.53828125 0.00703125 0.009375
3 0.65859375 0.64296875 0.00625 0.009375
12 0.70390625 0.60859375 0.00625 0.009375
10 0.69765625 0.67421875 0.00625 0.00859375
21 0.70078125 0.55546875 0.00546875 0.00859375
15 0.68125 0.73515625 0.00625 0.00859375
9 0.646875 0.77421875 0.0046875 0.0078125
16 0.4515625 0.4375 0.00625 0.009375
19 0.4265625 0.41796875 0.00546875 0.009375
20 0.465625 0.615625 0.00625 0.009375
2 0.71171875 0.55078125 0.00546875 0.00859375
7 0.6046875 0.35234375 0.00703125 0.009375