23 0.1953125 0.2078125 0.009375 0.00625
8 0.15546875 0.3796875 0.009375 0.00625
14 0.18359375 0.41640625 0.0078125 0.00625
6 0.2984375 0.43359375 0.009375 0.00625
17 0.1421875 0.51875 0.0078125 0.00625
1 0.22578125 0.52890625 0.009375 0.00625
12 0.20234375 0.57265625 0.00703125 0.00625
3 0.28203125 0.59453125 0.0078125 0.00625
9 0.28671875 0.6890625 0.009375 0.00625
19 0.66875 0.36640625 0.00859375 0.00625
16 0.5953125 0.39765625 0.009375 0.00625
20 0.60625 0.5203125 0.00859375 0.00625
15 0.2359375 0.66484375 0.009375 0.00625
10 0.22265625 0.62109375 0.009375 0.00625
2 0.1890625 0.53828125 0.0078125 0.00625
0 0.234375 0.54453125 0.009375 0.00625
18 0.17109375 0.47109375 0.0078125 0.00625
7 0.28671875 0.37421875 0.009375 0.00625
11 0.2484375 0.43984375 0.0234375 0.00703125
13 0.2515625 0.42734375 0.0078125 0.00625
24 0.17734375 0.5296875 0.009375 0.00625
21 0.2015625 0.5421875 0.00859375 0.00625
4 0.2390625 0.41640625 0.02265625 0.00546875
22 0.2359375 0.41015625 0.02265625 0.00546875