23 0.39140625 0.22421875 0.0078125 0.0109375
8 0.37578125 0.3859375 0.01171875 0.01796875
6 0.43984375 0.44140625 0.00859375 0.0109375
14 0.38359375 0.43671875 0.00859375 0.0125
1 0.39921875 0.5734375 0.0078125 0.01171875
24 0.38046875 0.56484375 0.0078125 0.0109375
17 0.3515625 0.56328125 0.0078125 0.0109375
21 0.38671875 0.59921875 0.00703125 0.01015625
0 0.4078125 0.59609375 0.00703125 0.009375
12 0.3890625 0.64375 0.00703125 0.009375
3 0.4421875 0.66484375 0.00703125 0.009375
10 0.41171875 0.70625 0.0078125 0.0109375
15 0.41796875 0.7578125 0.00703125 0.01015625
9 0.44140625 0.78828125 0.00546875 0.00859375
16 0.64609375 0.384375 0.00625 0.00859375
19 0.6140625 0.4234375 0.0078125 0.0109375
20 0.62734375 0.57265625 0.00703125 0.01015625
22 0.4109375 0.4125 0.0171875 0.01015625
4 0.4140625 0.428125 0.02734375 0.0078125
11 0.41796875 0.4609375 0.0203125 0.00859375
13 0.41328125 0.44296875 0.009375 0.0125
7 0.46328125 0.3875 0.0078125 0.0125
2 0.375 0.596875 0.00703125 0.01015625