23 0.64609375 0.2515625 0.009375 0.00703125
8 0.67265625 0.353125 0.009375 0.00703125
14 0.65546875 0.4 0.009375 0.00703125
6 0.6296875 0.39296875 0.009375 0.00703125
17 0.6890625 0.4515625 0.009375 0.00703125
21 0.66328125 0.4703125 0.009375 0.00703125
1 0.6625 0.4578125 0.009375 0.00703125
12 0.6703125 0.4921875 0.009375 0.00703125
3 0.64296875 0.51328125 0.009375 0.00703125
9 0.62734375 0.5765625 0.009375 0.00703125
19 0.41328125 0.403125 0.009375 0.00703125
16 0.44453125 0.415625 0.009375 0.00703125
20 0.43203125 0.503125 0.009375 0.00703125
2 0.68359375 0.46171875 0.009375 0.00703125
24 0.68203125 0.45234375 0.009375 0.00703125
10 0.6625 0.5234375 0.009375 0.00703125
15 0.6515625 0.55703125 0.009375 0.00703125
11 0.6390625 0.40078125 0.0265625 0.00546875
13 0.646875 0.38671875 0.009375 0.00703125
7 0.64296875 0.3546875 0.01015625 0.00703125
18 0.6703125 0.42421875 0.009375 0.00703125
0 0.653125 0.4734375 0.009375 0.00703125
4 0.65 0.3765625 0.03203125 0.0046875