23 0.74609375 0.23125 0.009375 0.00703125
8 0.80546875 0.4078125 0.009375 0.00703125
14 0.79453125 0.44453125 0.009375 0.00703125
6 0.66953125 0.45703125 0.009375 0.00703125
17 0.846875 0.546875 0.009375 0.00703125
21 0.80078125 0.57578125 0.009375 0.00703125
1 0.7609375 0.56484375 0.009375 0.00703125
12 0.7953125 0.61796875 0.009375 0.00703125
3 0.71875 0.64921875 0.009375 0.00703125
9 0.69296875 0.72734375 0.009375 0.00703125
19 0.2859375 0.42265625 0.009375 0.00703125
16 0.36484375 0.45546875 0.009375 0.00703125
20 0.34609375 0.58984375 0.009375 0.00703125
2 0.82421875 0.56953125 0.009375 0.00703125
24 0.81171875 0.55390625 0.009375 0.00703125
10 0.77890625 0.67109375 0.009375 0.00703125
15 0.72890625 0.70859375 0.009375 0.00703125
22 0.73828125 0.43125 0.03125 0.00546875
4 0.73828125 0.43984375 0.03125 0.0046875
11 0.72421875 0.46796875 0.02578125 0.00546875
13 0.734375 0.44921875 0.009375 0.00703125
7 0.675 0.40625 0.009375 0.00703125
18 0.82109375 0.5 0.009375 0.00703125
0 0.7734375 0.575 0.009375 0.00703125