23 0.340625 0.28671875 0.009375 0.00625
8 0.33125 0.38125 0.009375 0.00625
14 0.35390625 0.41328125 0.0078125 0.00625
6 0.390625 0.4125 0.009375 0.00625
17 0.31171875 0.4765625 0.00859375 0.00625
1 0.353125 0.48671875 0.009375 0.00625
12 0.3484375 0.51796875 0.00703125 0.00625
3 0.4015625 0.53203125 0.0078125 0.00625
9 0.41640625 0.6015625 0.009375 0.00625
19 0.59453125 0.37734375 0.009375 0.00625
16 0.58359375 0.40546875 0.00859375 0.00625
20 0.6015625 0.4875 0.00859375 0.00625
15 0.38671875 0.5875 0.009375 0.00625
10 0.36484375 0.55078125 0.009375 0.00625
2 0.32578125 0.4890625 0.0078125 0.00625
0 0.3640625 0.49921875 0.009375 0.00625
18 0.33515625 0.44765625 0.00859375 0.00625
7 0.36796875 0.38125 0.009375 0.00625
11 0.3640625 0.421875 0.0234375 0.00703125
13 0.359375 0.41328125 0.0078125 0.00625
24 0.32890625 0.48203125 0.009375 0.00625
21 0.35078125 0.49921875 0.00859375 0.00625
4 0.3546875 0.40625 0.02265625 0.00546875