23 0.38515625 0.2703125 0.009375 0.00625
8 0.38203125 0.39921875 0.00859375 0.00625
14 0.3859375 0.440625 0.009375 0.00625
6 0.45078125 0.45 0.009375 0.00625
17 0.35859375 0.5296875 0.00859375 0.00625
1 0.40234375 0.5484375 0.009375 0.00625
12 0.37265625 0.60703125 0.00859375 0.00625
3 0.41875 0.63671875 0.00859375 0.00625
9 0.425 0.74453125 0.009375 0.00625
19 0.6140625 0.44375 0.00859375 0.00625
16 0.59765625 0.46875 0.00859375 0.00625
20 0.58125 0.5859375 0.00859375 0.00625
15 0.403125 0.71328125 0.009375 0.00625
10 0.3875 0.6640625 0.009375 0.00625
2 0.36171875 0.54765625 0.009375 0.00625
0 0.4 0.56640625 0.009375 0.00625
18 0.37421875 0.48671875 0.00859375 0.00625
7 0.4625 0.3984375 0.009375 0.00625
22 0.42265625 0.421875 0.0234375 0.00546875
4 0.42109375 0.43125 0.0234375 0.00546875
11 0.42265625 0.4625 0.0171875 0.00390625
13 0.41953125 0.44140625 0.009375 0.00625
24 0.37265625 0.54140625 0.009375 0.00625
21 0.378125 0.56328125 0.00859375 0.00625