23 0.30859375 0.259375 0.009375 0.00625
8 0.2578125 0.38046875 0.009375 0.00625
14 0.27421875 0.41953125 0.009375 0.00625
6 0.3546875 0.43125 0.009375 0.00625
17 0.20234375 0.5046875 0.00859375 0.00625
1 0.253125 0.50859375 0.009375 0.00625
12 0.2265625 0.55859375 0.0078125 0.00625
3 0.28515625 0.5953125 0.0078125 0.00625
9 0.32109375 0.6859375 0.009375 0.00625
19 0.70625 0.44296875 0.00859375 0.00625
16 0.6359375 0.45703125 0.009375 0.00625
20 0.6171875 0.565625 0.00859375 0.00625
15 0.27578125 0.665625 0.009375 0.00625
10 0.23359375 0.6125 0.009375 0.00625
2 0.2171875 0.521875 0.009375 0.00625
0 0.26171875 0.534375 0.009375 0.00625
18 0.228125 0.4734375 0.009375 0.00625
7 0.34609375 0.37890625 0.009375 0.00625
4 0.29765625 0.4140625 0.0234375 0.00546875
11 0.3125 0.44140625 0.0234375 0.00703125
13 0.30546875 0.4265625 0.009375 0.00625
24 0.2234375 0.50859375 0.009375 0.00625
21 0.23515625 0.52890625 0.009375 0.00625