8 0.303125 0.47734375 0.00546875 0.00390625
23 0.353125 0.3734375 0.0125 0.0078125
14 0.315625 0.50625 0.00859375 0.00546875
6 0.34765625 0.50234375 0.00625 0.0046875
22 0.325 0.49296875 0.021875 0.00390625
4 0.325 0.49921875 0.0203125 0.00390625
11 0.328125 0.51171875 0.01640625 0.0046875
13 0.32421875 0.503125 0.00703125 0.0046875
17 0.27890625 0.5609375 0.00703125 0.0046875
24 0.2984375 0.565625 0.00703125 0.0046875
0 0.31953125 0.5796875 0.00625 0.00390625
1 0.31328125 0.571875 0.0078125 0.00546875
12 0.3046875 0.60234375 0.00625 0.00390625
3 0.33828125 0.61796875 0.00703125 0.0046875
10 0.31640625 0.6328125 0.00625 0.00390625
21 0.3109375 0.578125 0.00625 0.00390625
15 0.33203125 0.6578125 0.00625 0.00390625
9 0.3703125 0.6796875 0.00546875 0.00390625
16 0.5421875 0.48671875 0.00703125 0.0046875
19 0.57265625 0.46953125 0.00703125 0.0046875
20 0.5546875 0.58203125 0.00703125 0.0046875
7 0.36171875 0.4734375 0.01015625 0.00703125
2 0.29609375 0.57421875 0.00703125 0.00390625