23 0.80625 0.17265625 0.009375 0.00703125
14 0.7921875 0.4484375 0.009375 0.00703125
6 0.7125 0.459375 0.009375 0.00703125
17 0.83671875 0.52265625 0.009375 0.00703125
21 0.790625 0.55 0.009375 0.00703125
1 0.7921875 0.53203125 0.009375 0.00703125
12 0.80859375 0.57265625 0.009375 0.00703125
3 0.76484375 0.6 0.009375 0.00703125
9 0.734375 0.66953125 0.009375 0.00703125
19 0.41328125 0.471875 0.009375 0.00703125
16 0.45625 0.4859375 0.009375 0.00703125
20 0.48125 0.56015625 0.009375 0.00703125
2 0.8265625 0.53671875 0.009375 0.00703125
24 0.81796875 0.53203125 0.009375 0.00703125
10 0.7953125 0.61171875 0.009375 0.00703125
15 0.7625 0.65625 0.009375 0.00703125
22 0.75703125 0.43515625 0.03125 0.00546875
4 0.76796875 0.4421875 0.03125 0.0046875
11 0.753125 0.4671875 0.02578125 0.00546875
13 0.76015625 0.45234375 0.009375 0.00703125
7 0.6953125 0.4296875 0.009375 0.00703125
18 0.80390625 0.475 0.009375 0.00703125
0 0.7796875 0.5453125 0.009375 0.00703125