8 0.1671875 0.4546875 0.0078125 0.0046875
23 0.16796875 0.36328125 0.00703125 0.0046875
14 0.171875 0.47890625 0.00859375 0.00546875
6 0.23359375 0.49375 0.00859375 0.0046875
4 0.20078125 0.48359375 0.02578125 0.0046875
11 0.2109375 0.50078125 0.01875 0.00390625
13 0.2046875 0.4921875 0.00703125 0.0046875
17 0.1296875 0.5546875 0.00625 0.00390625
24 0.1625 0.559375 0.0046875 0.003125
0 0.19453125 0.57890625 0.00625 0.00390625
1 0.19140625 0.56875 0.00546875 0.00390625
12 0.1703125 0.603125 0.00703125 0.0046875
3 0.2203125 0.62109375 0.00625 0.00390625
10 0.190625 0.64140625 0.00625 0.0046875
21 0.17421875 0.57734375 0.00625 0.0046875
16 0.45390625 0.47421875 0.00703125 0.0046875
19 0.49140625 0.4609375 0.0078125 0.00546875
20 0.46484375 0.5609375 0.0078125 0.0046875
22 0.2046875 0.47109375 0.01875 0.0046875
7 0.26015625 0.4578125 0.0078125 0.00546875
2 0.15546875 0.57265625 0.00625 0.00390625
15 0.203125 0.67109375 0.00703125 0.00546875
9 0.23984375 0.69296875 0.00703125 0.00546875