23 0.37265625 0.23671875 0.0078125 0.0140625
8 0.3421875 0.3953125 0.0078125 0.0109375
14 0.34375 0.44921875 0.0078125 0.01328125
6 0.384375 0.4609375 0.00703125 0.0125
17 0.31171875 0.57890625 0.00859375 0.0109375
1 0.34609375 0.58359375 0.0078125 0.01015625
12 0.3359375 0.64453125 0.0078125 0.0125
3 0.36953125 0.690625 0.00703125 0.01328125
9 0.390625 0.8171875 0.00625 0.00859375
19 0.55234375 0.47734375 0.0078125 0.0140625
16 0.53359375 0.5 0.0078125 0.01328125
20 0.54375 0.64140625 0.00859375 0.0125
15 0.3546875 0.77734375 0.00625 0.00859375
10 0.3390625 0.71015625 0.00703125 0.01015625
2 0.3203125 0.59921875 0.00703125 0.009375
0 0.3484375 0.60859375 0.00703125 0.01015625
18 0.33046875 0.515625 0.00703125 0.0109375
7 0.3765625 0.38828125 0.00703125 0.0125
4 0.3609375 0.44375 0.0234375 0.0078125
11 0.36484375 0.471875 0.01796875 0.009375
13 0.3609375 0.46015625 0.009375 0.01171875
24 0.328125 0.5796875 0.00703125 0.009375
21 0.34140625 0.615625 0.00703125 0.01015625
22 0.36484375 0.42265625 0.0234375 0.009375