23 0.2171875 0.24453125 0.009375 0.00625
8 0.21484375 0.3609375 0.00859375 0.00625
14 0.225 0.403125 0.009375 0.00625
6 0.30546875 0.4125 0.009375 0.00625
17 0.1640625 0.49375 0.00859375 0.00625
1 0.23359375 0.49765625 0.009375 0.00625
12 0.2078125 0.55 0.00859375 0.00625
3 0.2671875 0.58671875 0.00859375 0.00625
9 0.3 0.68203125 0.009375 0.00625
19 0.675 0.38125 0.009375 0.00625
16 0.603125 0.40859375 0.00859375 0.00625
20 0.6078125 0.5375 0.00859375 0.00625
15 0.265625 0.66328125 0.009375 0.00625
10 0.22578125 0.59609375 0.009375 0.00625
2 0.1921875 0.5125 0.009375 0.00625
0 0.24609375 0.525 0.009375 0.00625
18 0.19140625 0.4515625 0.00859375 0.00625
7 0.28203125 0.359375 0.009375 0.00625
4 0.25625 0.3984375 0.02265625 0.00546875
11 0.27265625 0.425 0.0234375 0.00703125
13 0.26640625 0.41171875 0.009375 0.00625
24 0.190625 0.4953125 0.009375 0.00625
21 0.22578125 0.51953125 0.00859375 0.00625