23 0.671875 0.178125 0.009375 0.00703125
8 0.7390625 0.30625 0.009375 0.00703125
14 0.74375 0.33515625 0.009375 0.00703125
6 0.6765625 0.353125 0.009375 0.00703125
17 0.8046875 0.425 0.009375 0.00703125
21 0.75703125 0.4546875 0.009375 0.00703125
1 0.75390625 0.44140625 0.009375 0.00703125
12 0.771875 0.48828125 0.009375 0.00703125
3 0.7171875 0.515625 0.009375 0.00703125
9 0.70234375 0.60859375 0.009375 0.00703125
19 0.3625 0.36328125 0.009375 0.00703125
16 0.42265625 0.38359375 0.009375 0.00703125
20 0.42578125 0.48828125 0.009375 0.00703125
2 0.78984375 0.44375 0.009375 0.00703125
24 0.778125 0.43671875 0.009375 0.00703125
10 0.75546875 0.53359375 0.009375 0.00703125
15 0.74375 0.58046875 0.009375 0.00703125
11 0.709375 0.3625 0.0265625 0.00546875
13 0.71015625 0.35 0.009375 0.00703125
7 0.6828125 0.3046875 0.01015625 0.00703125
18 0.77109375 0.38125 0.009375 0.00703125
0 0.74296875 0.46015625 0.009375 0.00703125
4 0.7171875 0.33515625 0.03203125 0.0046875
22 0.7125 0.325 0.03203125 0.0046875