23 0.63984375 0.23515625 0.00859375 0.0125
8 0.653125 0.34140625 0.01015625 0.0125
6 0.60703125 0.39609375 0.00703125 0.01171875
14 0.64609375 0.390625 0.00859375 0.01171875
1 0.646875 0.50703125 0.00703125 0.0109375
24 0.6640625 0.49765625 0.0078125 0.01171875
17 0.6828125 0.49609375 0.00703125 0.0109375
21 0.659375 0.5359375 0.0078125 0.01171875
0 0.64296875 0.52578125 0.00859375 0.01171875
12 0.659375 0.57734375 0.00859375 0.0125
3 0.62578125 0.6078125 0.009375 0.0125
10 0.64921875 0.6203125 0.00859375 0.01171875
15 0.64375 0.66796875 0.00859375 0.01171875
9 0.61875 0.70625 0.00859375 0.0125
16 0.4390625 0.4140625 0.009375 0.01328125
19 0.41015625 0.38359375 0.009375 0.01328125
20 0.43515625 0.5796875 0.009375 0.0125
22 0.62890625 0.365625 0.02265625 0.0109375
4 0.63125 0.38203125 0.0203125 0.01015625
11 0.621875 0.409375 0.021875 0.0109375
13 0.628125 0.39140625 0.0078125 0.01171875
2 0.6734375 0.5203125 0.0078125 0.01171875
7 0.5875 0.33984375 0.00703125 0.01171875