23 0.2328125 0.2375 0.009375 0.00625
8 0.21875 0.35625 0.00859375 0.00625
14 0.23125 0.39140625 0.009375 0.00625
6 0.284375 0.38515625 0.009375 0.00625
17 0.203125 0.46640625 0.00859375 0.00625
1 0.240625 0.46796875 0.009375 0.00625
12 0.23828125 0.503125 0.00859375 0.00625
3 0.29140625 0.5171875 0.00859375 0.00625
9 0.31640625 0.59140625 0.009375 0.00625
19 0.55390625 0.3453125 0.00859375 0.00625
16 0.5015625 0.3671875 0.00859375 0.00625
20 0.5296875 0.44765625 0.00859375 0.00625
15 0.2828125 0.5765625 0.009375 0.00625
10 0.259375 0.540625 0.009375 0.00625
2 0.21875 0.48046875 0.009375 0.00625
0 0.25078125 0.48203125 0.009375 0.00625
18 0.22109375 0.43515625 0.00859375 0.00625
7 0.2546875 0.346875 0.009375 0.00625
22 0.2421875 0.3734375 0.0234375 0.00546875
4 0.23984375 0.38046875 0.0234375 0.00546875
11 0.25390625 0.40078125 0.02265625 0.00703125
13 0.246875 0.38984375 0.009375 0.00625
24 0.21640625 0.46953125 0.009375 0.00625
21 0.23515625 0.484375 0.00859375 0.00625