23 0.39375 0.1796875 0.0078125 0.0140625
8 0.375 0.41015625 0.0078125 0.0109375
14 0.38671875 0.465625 0.0078125 0.01328125
6 0.45546875 0.4671875 0.00703125 0.0125
17 0.353125 0.57265625 0.00859375 0.0109375
1 0.3921875 0.5921875 0.0078125 0.01015625
12 0.37734375 0.6703125 0.00859375 0.0125
3 0.434375 0.7046875 0.00703125 0.0125
9 0.43203125 0.83515625 0.00625 0.00859375
19 0.665625 0.41484375 0.0078125 0.0140625
16 0.62578125 0.440625 0.0078125 0.01328125
20 0.6375 0.62734375 0.00859375 0.0125
15 0.4 0.7953125 0.00625 0.00859375
10 0.3921875 0.73046875 0.00703125 0.01015625
2 0.36484375 0.6046875 0.00703125 0.009375
0 0.39921875 0.621875 0.00703125 0.01015625
18 0.37421875 0.52109375 0.00703125 0.0109375
7 0.45703125 0.396875 0.00703125 0.0125
4 0.41015625 0.453125 0.0234375 0.0078125
11 0.42109375 0.48828125 0.01796875 0.009375
13 0.415625 0.46640625 0.009375 0.01171875
24 0.371875 0.5890625 0.00703125 0.009375
21 0.38203125 0.61796875 0.00703125 0.01015625
22 0.41015625 0.44375 0.02421875 0.009375