23 0.75 0.196875 0.00859375 0.00546875
8 0.82578125 0.36484375 0.01015625 0.00703125
14 0.8125 0.403125 0.01015625 0.00703125
0 0.80234375 0.51953125 0.00859375 0.00546875
1 0.80703125 0.5046875 0.01015625 0.00625
24 0.83125 0.49921875 0.009375 0.00546875
17 0.86875 0.48671875 0.0109375 0.00703125
21 0.81484375 0.51484375 0.009375 0.00703125
12 0.8328125 0.54921875 0.0125 0.0078125
10 0.8109375 0.59375 0.0125 0.00859375
3 0.7875 0.57890625 0.0125 0.0078125
15 0.803125 0.63515625 0.01171875 0.00703125
9 0.7734375 0.665625 0.0109375 0.00703125
6 0.753125 0.409375 0.01015625 0.00703125
19 0.43515625 0.54609375 0.01328125 0.0078125
20 0.4 0.3828125 0.01015625 0.00625
16 0.453125 0.40703125 0.0140625 0.01015625
22 0.79296875 0.3890625 0.0203125 0.0046875
4 0.78828125 0.396875 0.0203125 0.0046875
11 0.78203125 0.41953125 0.0171875 0.0046875
13 0.78828125 0.4015625 0.00859375 0.00625
7 0.7109375 0.3734375 0.0109375 0.00703125
2 0.8359375 0.5109375 0.009375 0.00703125