23 0.7234375 0.25 0.009375 0.00703125
8 0.75625 0.35078125 0.009375 0.00703125
14 0.75390625 0.365625 0.009375 0.00703125
6 0.6703125 0.39140625 0.009375 0.00703125
17 0.8 0.4703125 0.009375 0.00703125
21 0.7546875 0.49296875 0.009375 0.00703125
1 0.7421875 0.47578125 0.009375 0.00703125
12 0.76328125 0.51953125 0.009375 0.00703125
3 0.7046875 0.55234375 0.009375 0.00703125
9 0.68125 0.63359375 0.009375 0.00703125
19 0.384375 0.40859375 0.009375 0.00703125
16 0.42109375 0.42578125 0.009375 0.00703125
20 0.40703125 0.51875 0.009375 0.00703125
2 0.7796875 0.48515625 0.009375 0.00703125
24 0.77734375 0.47421875 0.009375 0.00703125
10 0.75078125 0.56640625 0.009375 0.00703125
15 0.72890625 0.6125 0.009375 0.00703125
11 0.70390625 0.40078125 0.0265625 0.00546875
13 0.70625 0.38984375 0.009375 0.00703125
7 0.696875 0.34375 0.01015625 0.00703125
18 0.7796875 0.43828125 0.009375 0.00703125
0 0.73984375 0.49140625 0.009375 0.00703125
4 0.7171875 0.3796875 0.03203125 0.0046875
22 0.7203125 0.359375 0.03125 0.0046875