23 0.15703125 0.27578125 0.01015625 0.00703125
8 0.1453125 0.37890625 0.0109375 0.0078125
14 0.15 0.39921875 0.01015625 0.00703125
0 0.1796875 0.4875 0.01015625 0.00703125
1 0.1734375 0.4734375 0.01015625 0.00703125
24 0.1453125 0.46875 0.01015625 0.00703125
17 0.11796875 0.4671875 0.01015625 0.0078125
21 0.159375 0.48984375 0.009375 0.00625
12 0.16015625 0.5125 0.01015625 0.00625
10 0.1859375 0.5484375 0.01015625 0.00625
3 0.21796875 0.5296875 0.0109375 0.00703125
15 0.21796875 0.58671875 0.009375 0.00703125
9 0.25078125 0.60078125 0.009375 0.00625
6 0.2234375 0.4046875 0.01015625 0.00625
19 0.459375 0.48671875 0.0109375 0.00703125
20 0.48125 0.37578125 0.0109375 0.00625
16 0.4421875 0.390625 0.009375 0.00703125
22 0.17890625 0.39453125 0.01875 0.00390625
4 0.18359375 0.4046875 0.02109375 0.0046875
11 0.19296875 0.41796875 0.015625 0.0046875
13 0.18671875 0.409375 0.00703125 0.0046875
7 0.2453125 0.36328125 0.0109375 0.0078125
2 0.1421875 0.484375 0.0109375 0.00625