23 0.659375 0.225 0.01015625 0.00703125
14 0.66796875 0.415625 0.009375 0.00703125
6 0.61953125 0.4328125 0.01015625 0.00703125
17 0.70234375 0.509375 0.01015625 0.00703125
21 0.6828125 0.5484375 0.009375 0.00703125
1 0.67109375 0.53125 0.009375 0.00703125
12 0.6921875 0.58125 0.009375 0.00703125
3 0.65078125 0.62578125 0.009375 0.00703125
9 0.65390625 0.7140625 0.009375 0.00703125
19 0.43984375 0.43828125 0.009375 0.00703125
16 0.46328125 0.45234375 0.009375 0.00703125
20 0.4796875 0.59375 0.009375 0.00703125
2 0.7015625 0.5234375 0.01015625 0.00703125
24 0.69296875 0.51953125 0.009375 0.00703125
10 0.68046875 0.64140625 0.01015625 0.00703125
15 0.6640625 0.68671875 0.009375 0.00703125
22 0.65390625 0.39609375 0.03125 0.00546875
4 0.65625 0.40546875 0.03125 0.0046875
11 0.64765625 0.43984375 0.02578125 0.00546875
13 0.65078125 0.42109375 0.009375 0.00703125
7 0.60234375 0.37421875 0.009375 0.00703125
18 0.6859375 0.46953125 0.009375 0.00703125
0 0.671875 0.55234375 0.009375 0.00703125