23 0.30390625 0.3046875 0.00859375 0.00625
8 0.25234375 0.41640625 0.00859375 0.00625
14 0.2609375 0.46796875 0.009375 0.00625
6 0.34921875 0.46796875 0.009375 0.00625
17 0.21328125 0.55546875 0.0078125 0.00625
1 0.26484375 0.5609375 0.009375 0.00625
12 0.2453125 0.609375 0.00859375 0.00625
3 0.30703125 0.6328125 0.0078125 0.00625
9 0.359375 0.7234375 0.009375 0.00625
19 0.646875 0.4375 0.00859375 0.00625
16 0.59609375 0.47421875 0.00859375 0.00625
20 0.62734375 0.58046875 0.00859375 0.00625
15 0.30078125 0.70078125 0.00859375 0.00625
10 0.26171875 0.65 0.009375 0.00625
2 0.22734375 0.56796875 0.009375 0.00625
0 0.27265625 0.58125 0.009375 0.00625
18 0.2359375 0.5125 0.00859375 0.00625
7 0.325 0.4203125 0.009375 0.00625
4 0.3015625 0.44609375 0.0234375 0.00546875
11 0.30859375 0.4796875 0.0234375 0.00703125
13 0.30390625 0.4625 0.009375 0.00625
24 0.2390625 0.5578125 0.009375 0.00625
21 0.24609375 0.5765625 0.00859375 0.00625
22 0.303125 0.43984375 0.0234375 0.00546875