23 0.33359375 0.20546875 0.009375 0.00625
8 0.31953125 0.38046875 0.00859375 0.00625
14 0.33125 0.434375 0.009375 0.00625
6 0.37890625 0.44140625 0.009375 0.00625
17 0.3125 0.534375 0.00859375 0.00625
1 0.346875 0.5578125 0.009375 0.00625
12 0.33359375 0.6125 0.00859375 0.00625
3 0.38046875 0.65078125 0.00859375 0.00625
9 0.39375 0.74453125 0.009375 0.00625
19 0.5671875 0.396875 0.00859375 0.00625
16 0.5515625 0.425 0.00859375 0.00625
20 0.559375 0.56015625 0.00859375 0.00625
15 0.37578125 0.71796875 0.009375 0.00625
10 0.35546875 0.67734375 0.009375 0.00625
2 0.315625 0.55546875 0.009375 0.00625
0 0.34609375 0.5765625 0.009375 0.00625
18 0.32265625 0.49921875 0.00859375 0.00625
7 0.38125 0.38984375 0.009375 0.00625
22 0.34921875 0.4140625 0.0234375 0.00546875
4 0.34765625 0.42109375 0.0234375 0.00546875
11 0.3546875 0.453125 0.0171875 0.00390625
13 0.35078125 0.43515625 0.009375 0.00625
24 0.32578125 0.54296875 0.009375 0.00625
21 0.33515625 0.5703125 0.00859375 0.00625