23 0.81328125 0.27109375 0.0109375 0.00703125
8 0.85390625 0.4015625 0.01171875 0.0078125
14 0.8453125 0.4390625 0.0109375 0.0078125
0 0.82890625 0.55390625 0.009375 0.00546875
1 0.840625 0.53828125 0.0078125 0.00546875
24 0.8734375 0.53203125 0.00859375 0.00546875
17 0.90859375 0.51796875 0.01015625 0.00625
21 0.85 0.54609375 0.00859375 0.00546875
12 0.8671875 0.57421875 0.009375 0.00546875
10 0.84921875 0.61328125 0.0078125 0.0046875
3 0.803125 0.609375 0.00859375 0.0046875
15 0.83671875 0.65625 0.00859375 0.0046875
9 0.784375 0.690625 0.00703125 0.0046875
6 0.75078125 0.4546875 0.0109375 0.00703125
19 0.4484375 0.5890625 0.00703125 0.0046875
20 0.4171875 0.44453125 0.00703125 0.0046875
16 0.446875 0.459375 0.0078125 0.00546875
4 0.8046875 0.43984375 0.0296875 0.00625
11 0.78359375 0.46484375 0.025 0.00625
2 0.8765625 0.54140625 0.009375 0.00546875
7 0.74375 0.41328125 0.0125 0.0078125
13 0.7953125 0.45 0.01015625 0.00625