23 0.38984375 0.259375 0.009375 0.00625
8 0.36796875 0.425 0.00859375 0.00625
14 0.3828125 0.484375 0.009375 0.00625
6 0.43671875 0.49453125 0.009375 0.00625
17 0.34921875 0.59453125 0.00859375 0.00625
1 0.38671875 0.6125 0.009375 0.00625
12 0.36796875 0.67265625 0.00859375 0.00625
3 0.4078125 0.71171875 0.00859375 0.00625
9 0.40078125 0.83203125 0.009375 0.00625
19 0.62578125 0.47578125 0.00859375 0.00625
16 0.59921875 0.509375 0.00859375 0.00625
20 0.5890625 0.64375 0.00859375 0.00625
15 0.3859375 0.7953125 0.009375 0.00625
10 0.37421875 0.73515625 0.009375 0.00625
2 0.35390625 0.61328125 0.009375 0.00625
0 0.384375 0.634375 0.009375 0.00625
18 0.36875 0.54296875 0.00859375 0.00625
7 0.4421875 0.428125 0.009375 0.00625
4 0.4015625 0.4734375 0.0234375 0.00546875
11 0.40390625 0.50546875 0.0171875 0.00390625
13 0.40234375 0.4875 0.009375 0.00625
24 0.3640625 0.60234375 0.009375 0.00625
21 0.37578125 0.63671875 0.00859375 0.00625