23 0.3859375 0.15625 0.0078125 0.0140625
8 0.35625 0.34609375 0.0078125 0.0109375
14 0.365625 0.40625 0.0078125 0.01328125
6 0.4109375 0.4125 0.00703125 0.01171875
17 0.32890625 0.52265625 0.00859375 0.0109375
1 0.3734375 0.546875 0.0078125 0.01015625
12 0.35546875 0.6125 0.00859375 0.0125
3 0.40234375 0.6515625 0.00703125 0.01328125
9 0.42421875 0.77421875 0.00625 0.009375
19 0.628125 0.41875 0.0078125 0.0140625
16 0.58828125 0.44921875 0.0078125 0.01328125
20 0.59921875 0.6078125 0.00859375 0.0125
15 0.38984375 0.7359375 0.00625 0.00859375
10 0.36875 0.67890625 0.00703125 0.01015625
2 0.3421875 0.55234375 0.00703125 0.009375
0 0.375 0.56796875 0.00703125 0.01015625
18 0.346875 0.47265625 0.00703125 0.01171875
7 0.4171875 0.33828125 0.00703125 0.01171875
4 0.3796875 0.39140625 0.0234375 0.0078125
11 0.38984375 0.42734375 0.01796875 0.009375
13 0.38671875 0.41171875 0.009375 0.0125
24 0.3484375 0.5390625 0.00703125 0.009375
21 0.35625 0.565625 0.00703125 0.01015625
22 0.3796875 0.38203125 0.0234375 0.0078125