23 0.58828125 0.23046875 0.00625 0.009375
8 0.6171875 0.37578125 0.00703125 0.009375
14 0.61015625 0.41171875 0.0078125 0.01171875
6 0.56328125 0.42265625 0.0078125 0.01015625
22 0.58828125 0.4 0.0140625 0.00703125
4 0.58828125 0.4109375 0.01640625 0.009375
11 0.584375 0.43828125 0.015625 0.00859375
13 0.58671875 0.4203125 0.00703125 0.009375
17 0.64140625 0.51171875 0.009375 0.01171875
24 0.62421875 0.521875 0.00625 0.01015625
1 0.603125 0.52109375 0.00703125 0.009375
0 0.596875 0.54140625 0.00625 0.01015625
12 0.61796875 0.584375 0.00703125 0.00859375
10 0.603125 0.6328125 0.00546875 0.00859375
3 0.578125 0.61171875 0.00625 0.0078125
19 0.40234375 0.38828125 0.0078125 0.01015625
16 0.43203125 0.41640625 0.00625 0.00859375
20 0.421875 0.56015625 0.00546875 0.00703125
9 0.57109375 0.70703125 0.00625 0.00859375
15 0.5890625 0.68046875 0.00546875 0.00859375
21 0.6109375 0.54296875 0.00625 0.01015625
2 0.625 0.5359375 0.00625 0.01015625
7 0.55078125 0.3703125 0.0078125 0.01015625