23 0.66640625 0.21796875 0.009375 0.00703125
8 0.70703125 0.309375 0.009375 0.00703125
14 0.69765625 0.34296875 0.009375 0.00703125
6 0.65078125 0.34765625 0.009375 0.00703125
17 0.7609375 0.41171875 0.009375 0.00703125
21 0.73359375 0.43515625 0.009375 0.00703125
1 0.725 0.425 0.009375 0.00703125
12 0.74765625 0.4578125 0.009375 0.00703125
3 0.71796875 0.4890625 0.009375 0.00703125
9 0.6828125 0.5671875 0.009375 0.00703125
19 0.3734375 0.34609375 0.009375 0.00703125
16 0.440625 0.371875 0.009375 0.00703125
20 0.44765625 0.46484375 0.009375 0.00703125
2 0.74765625 0.42734375 0.009375 0.00703125
24 0.7484375 0.41875 0.009375 0.00703125
10 0.74375 0.5046875 0.009375 0.00703125
15 0.71796875 0.546875 0.009375 0.00703125
11 0.68203125 0.3578125 0.0265625 0.00546875
13 0.6875 0.34609375 0.009375 0.00703125
7 0.659375 0.3140625 0.01015625 0.00703125
18 0.734375 0.38828125 0.009375 0.00703125
0 0.71796875 0.440625 0.009375 0.00703125
4 0.69296875 0.3375 0.03203125 0.0046875
22 0.69296875 0.33203125 0.03203125 0.0046875