23 0.42421875 0.17578125 0.00859375 0.0140625
8 0.40625 0.33359375 0.0078125 0.0109375
14 0.409375 0.41171875 0.0078125 0.01328125
6 0.4734375 0.4140625 0.00703125 0.01171875
17 0.3765625 0.53515625 0.0078125 0.0109375
1 0.4203125 0.56171875 0.0078125 0.01015625
12 0.4 0.634375 0.00859375 0.0125
3 0.45546875 0.67578125 0.00703125 0.0125
9 0.46640625 0.815625 0.00625 0.00859375
19 0.70234375 0.37734375 0.00859375 0.0140625
16 0.65859375 0.41328125 0.0078125 0.01328125
20 0.665625 0.59765625 0.00859375 0.0125
15 0.43359375 0.77734375 0.00625 0.00859375
10 0.40546875 0.70390625 0.00703125 0.01015625
2 0.38828125 0.56953125 0.00703125 0.009375
0 0.4234375 0.58828125 0.00703125 0.01015625
18 0.39296875 0.4859375 0.00703125 0.01171875
7 0.4828125 0.3359375 0.00703125 0.0125
4 0.43515625 0.39296875 0.0234375 0.0078125
11 0.44296875 0.43359375 0.01796875 0.009375
13 0.440625 0.4109375 0.009375 0.0125
24 0.396875 0.5484375 0.00703125 0.009375
21 0.40546875 0.5796875 0.00703125 0.01015625
22 0.43515625 0.3796875 0.0234375 0.009375