23 0.18984375 0.25390625 0.009375 0.00625
8 0.17265625 0.38984375 0.009375 0.00625
14 0.18125 0.43515625 0.009375 0.00625
6 0.2796875 0.43828125 0.009375 0.00625
17 0.11953125 0.5375 0.0078125 0.00625
1 0.1890625 0.5421875 0.009375 0.00625
12 0.1671875 0.5953125 0.00859375 0.00625
3 0.225 0.6171875 0.0078125 0.00625
9 0.240625 0.7 0.009375 0.00625
19 0.6296875 0.4171875 0.00859375 0.00625
16 0.56328125 0.4453125 0.00859375 0.00625
20 0.58046875 0.55234375 0.00859375 0.00625
15 0.21171875 0.6828125 0.009375 0.00625
10 0.1828125 0.63671875 0.009375 0.00625
2 0.14375 0.55625 0.009375 0.00625
0 0.19140625 0.5640625 0.009375 0.00625
18 0.14765625 0.49921875 0.009375 0.00625
7 0.25625 0.3921875 0.009375 0.00625
4 0.21875 0.421875 0.0234375 0.00546875
11 0.2296875 0.4546875 0.0234375 0.00703125
13 0.22265625 0.4359375 0.009375 0.00625
24 0.146875 0.5390625 0.009375 0.00625
21 0.17109375 0.5609375 0.009375 0.00625
22 0.21875 0.415625 0.02265625 0.00546875