23 0.57421875 0.20234375 0.00625 0.009375
8 0.60625 0.35546875 0.00703125 0.01015625
14 0.60078125 0.39296875 0.00625 0.009375
0 0.6078125 0.5421875 0.00859375 0.01015625
1 0.6125 0.525 0.00625 0.009375
24 0.62578125 0.5125 0.00625 0.009375
17 0.63671875 0.49921875 0.00703125 0.009375
21 0.61640625 0.5375 0.00703125 0.009375
12 0.61796875 0.58359375 0.00703125 0.01015625
10 0.609375 0.625 0.00625 0.009375
3 0.590625 0.61796875 0.00703125 0.009375
15 0.6 0.6765625 0.00703125 0.01015625
9 0.578125 0.71171875 0.00703125 0.01015625
6 0.58046875 0.434375 0.009375 0.009375
19 0.425 0.60234375 0.00703125 0.009375
20 0.41015625 0.421875 0.00703125 0.009375
16 0.43671875 0.43515625 0.00703125 0.01015625
22 0.590625 0.4 0.01015625 0.00859375
4 0.5953125 0.4234375 0.009375 0.0078125
11 0.5875 0.434375 0.01171875 0.0046875
13 0.5890625 0.4296875 0.00703125 0.0109375
7 0.5578125 0.40078125 0.00703125 0.0109375
2 0.62578125 0.52734375 0.00703125 0.01015625