23 0.60546875 0.2796875 0.015625 0.00546875
8 0.675 0.40625 0.009375 0.00703125
14 0.66953125 0.43046875 0.00859375 0.00546875
17 0.7171875 0.51171875 0.0078125 0.00546875
24 0.6984375 0.51640625 0.00859375 0.00546875
1 0.67265625 0.5265625 0.00859375 0.00546875
0 0.6625 0.540625 0.00859375 0.00546875
12 0.6859375 0.56640625 0.00859375 0.00546875
3 0.63515625 0.5953125 0.0125 0.00859375
10 0.66796875 0.615625 0.01171875 0.00703125
15 0.6421875 0.65625 0.00859375 0.00546875
9 0.621875 0.67734375 0.00859375 0.00546875
6 0.60703125 0.4546875 0.0109375 0.00703125
11 0.63203125 0.46171875 0.0265625 0.0078125
4 0.640625 0.44296875 0.0296875 0.0078125
13 0.6375 0.45 0.00859375 0.00625
20 0.36875 0.58671875 0.00859375 0.00546875
22 0.6390625 0.42734375 0.025 0.009375
7 0.5921875 0.415625 0.009375 0.00703125
21 0.6734375 0.5359375 0.00859375 0.00546875
2 0.69765625 0.53125 0.00859375 0.00546875
16 0.35078125 0.484375 0.01015625 0.00703125
19 0.31328125 0.47421875 0.01015625 0.00703125