23 0.35859375 0.18671875 0.00859375 0.0140625
8 0.32421875 0.36640625 0.0078125 0.0109375
14 0.31875 0.4265625 0.0078125 0.01328125
6 0.39375 0.44765625 0.00703125 0.01171875
17 0.28125 0.55703125 0.0078125 0.0109375
1 0.31796875 0.5671875 0.0078125 0.01015625
12 0.30390625 0.63828125 0.0078125 0.0125
3 0.3515625 0.6859375 0.00703125 0.01328125
9 0.3703125 0.82265625 0.00625 0.00859375
19 0.59921875 0.425 0.00859375 0.0140625
16 0.55859375 0.4703125 0.0078125 0.01328125
20 0.575 0.625 0.0078125 0.0125
15 0.33515625 0.78046875 0.00625 0.00859375
10 0.3125 0.7046875 0.00703125 0.01015625
2 0.28984375 0.5796875 0.00703125 0.009375
0 0.32890625 0.60078125 0.00703125 0.01015625
18 0.296875 0.50546875 0.00703125 0.01171875
7 0.38828125 0.37578125 0.00703125 0.01171875
4 0.3546875 0.425 0.0234375 0.0078125
11 0.3640625 0.46015625 0.01796875 0.00859375
13 0.359375 0.44453125 0.009375 0.0125
24 0.30234375 0.5625 0.00703125 0.009375
21 0.30859375 0.59140625 0.00703125 0.01015625
22 0.35625 0.41015625 0.0234375 0.009375