23 0.3125 0.30390625 0.009375 0.00625
8 0.265625 0.39921875 0.009375 0.00625
14 0.275 0.44140625 0.00859375 0.00625
6 0.3265625 0.44375 0.009375 0.00625
17 0.2234375 0.50703125 0.00859375 0.00625
1 0.26640625 0.51875 0.009375 0.00625
12 0.25078125 0.5546875 0.0078125 0.00625
3 0.29921875 0.578125 0.00859375 0.00625
9 0.325 0.64765625 0.009375 0.00625
19 0.5796875 0.43515625 0.00859375 0.00625
16 0.5375 0.4484375 0.00859375 0.00625
20 0.52578125 0.54921875 0.00859375 0.00625
15 0.2875 0.62890625 0.009375 0.00625
10 0.25703125 0.59140625 0.009375 0.00625
2 0.2375 0.52109375 0.009375 0.00625
0 0.2703125 0.534375 0.009375 0.00625
18 0.2515625 0.478125 0.009375 0.00625
7 0.3109375 0.40703125 0.009375 0.00625
4 0.28359375 0.43125 0.0234375 0.00546875
11 0.2921875 0.45234375 0.0234375 0.00703125
13 0.2875 0.43984375 0.00859375 0.00625
24 0.2375 0.51015625 0.009375 0.00625
21 0.25234375 0.53203125 0.009375 0.00625
22 0.2828125 0.425 0.021875 0.00546875