23 0.225 0.2109375 0.0140625 0.00859375
8 0.171875 0.36171875 0.01171875 0.00859375
14 0.209375 0.42109375 0.0125 0.00859375
0 0.225 0.55625 0.0125 0.00859375
1 0.2125 0.53828125 0.0125 0.0078125
24 0.18359375 0.52734375 0.01328125 0.00859375
17 0.1515625 0.528125 0.0125 0.00859375
21 0.19609375 0.55625 0.01171875 0.0078125
12 0.18359375 0.59609375 0.0140625 0.009375
10 0.23359375 0.65546875 0.01328125 0.009375
3 0.26796875 0.625 0.0125 0.00859375
15 0.28203125 0.6953125 0.01328125 0.009375
9 0.33828125 0.72109375 0.0140625 0.009375
6 0.31015625 0.41484375 0.01328125 0.0078125
19 0.68125 0.55703125 0.0109375 0.0078125
20 0.7625 0.3828125 0.0140625 0.00859375
16 0.69453125 0.4078125 0.01171875 0.0078125
22 0.2453125 0.39375 0.02890625 0.00546875
4 0.2484375 0.39921875 0.03671875 0.00703125
11 0.2609375 0.43203125 0.0265625 0.00703125
13 0.25625 0.41171875 0.01015625 0.00703125
7 0.37734375 0.3765625 0.01328125 0.009375
2 0.17890625 0.54765625 0.0125 0.0078125