23 0.77265625 0.1953125 0.009375 0.00546875
8 0.82265625 0.3375 0.00859375 0.00546875
14 0.8125 0.3703125 0.009375 0.00546875
6 0.75625 0.378125 0.0078125 0.0046875
22 0.790625 0.36015625 0.015625 0.0046875
11 0.778125 0.3859375 0.01875 0.00546875
4 0.790625 0.36640625 0.015625 0.0046875
13 0.78203125 0.375 0.00859375 0.00546875
0 0.79375 0.46640625 0.00703125 0.0046875
17 0.8484375 0.45 0.00703125 0.0046875
24 0.83359375 0.45390625 0.009375 0.00546875
1 0.80546875 0.45546875 0.0078125 0.00546875
3 0.759375 0.5234375 0.00703125 0.0046875
12 0.81171875 0.5 0.00703125 0.0046875
10 0.79453125 0.54453125 0.00703125 0.0046875
21 0.809375 0.4671875 0.00859375 0.00546875
15 0.75234375 0.57578125 0.0078125 0.0046875
9 0.7 0.603125 0.00625 0.00390625
16 0.4765625 0.3796875 0.0078125 0.00546875
19 0.43046875 0.36640625 0.00859375 0.00546875
20 0.47109375 0.4921875 0.00859375 0.00546875
7 0.7390625 0.34375 0.009375 0.00625
2 0.8234375 0.465625 0.0078125 0.0046875
18 0.834375 0.41328125 0.00703125 0.0046875