23 0.609375 0.2828125 0.009375 0.00703125
8 0.634375 0.3796875 0.009375 0.00703125
14 0.6125 0.409375 0.009375 0.00703125
6 0.58203125 0.41484375 0.009375 0.00703125
17 0.6578125 0.465625 0.009375 0.00703125
21 0.6234375 0.4890625 0.009375 0.00703125
1 0.62265625 0.47734375 0.009375 0.00703125
12 0.62578125 0.509375 0.009375 0.00703125
3 0.58984375 0.52734375 0.009375 0.00703125
9 0.56875 0.58828125 0.009375 0.00703125
19 0.38203125 0.40546875 0.009375 0.00703125
16 0.396875 0.41796875 0.009375 0.00703125
20 0.384375 0.49453125 0.009375 0.00703125
2 0.64453125 0.48046875 0.009375 0.00703125
24 0.646875 0.47421875 0.009375 0.00703125
10 0.6171875 0.5375 0.009375 0.00703125
15 0.596875 0.57265625 0.009375 0.00703125
11 0.60390625 0.41953125 0.0265625 0.00546875
13 0.6046875 0.41171875 0.009375 0.00703125
7 0.61171875 0.3796875 0.01015625 0.00703125
18 0.63671875 0.44375 0.009375 0.00703125
0 0.6125 0.490625 0.009375 0.00703125
4 0.61640625 0.4046875 0.03203125 0.0046875