23 0.75234375 0.35234375 0.0109375 0.00703125
6 0.684375 0.4859375 0.009375 0.00546875
14 0.75 0.46484375 0.01015625 0.00703125
8 0.75390625 0.440625 0.01015625 0.00703125
17 0.8 0.53984375 0.00859375 0.00625
21 0.75625 0.5625 0.01015625 0.00703125
1 0.74296875 0.5546875 0.009375 0.00546875
12 0.7578125 0.5875 0.01015625 0.00703125
24 0.7703125 0.5453125 0.009375 0.00546875
3 0.70234375 0.609375 0.01015625 0.00703125
10 0.7421875 0.628125 0.01015625 0.00703125
15 0.734375 0.65390625 0.01015625 0.00625
9 0.6953125 0.67890625 0.01171875 0.00625
20 0.459375 0.5578125 0.0109375 0.00703125
4 0.71953125 0.47578125 0.03203125 0.00546875
11 0.7046875 0.49375 0.03359375 0.00546875
13 0.71640625 0.48359375 0.00859375 0.00546875
0 0.7328125 0.565625 0.01015625 0.00625
16 0.47109375 0.4765625 0.01015625 0.00625
19 0.428125 0.46171875 0.01171875 0.00703125
7 0.65234375 0.45078125 0.01171875 0.0078125
22 0.7171875 0.4671875 0.02734375 0.00546875
2 0.775 0.55703125 0.01015625 0.00703125