23 0.18125 0.23125 0.009375 0.00625
8 0.15546875 0.353125 0.009375 0.00625
14 0.16171875 0.39375 0.00859375 0.00625
6 0.2625 0.3859375 0.009375 0.00625
17 0.1140625 0.4765625 0.00859375 0.00625
1 0.18203125 0.48046875 0.009375 0.00625
12 0.165625 0.53125 0.0078125 0.00625
3 0.2328125 0.5484375 0.00859375 0.00625
9 0.22109375 0.6359375 0.009375 0.00625
19 0.57890625 0.3703125 0.009375 0.00625
16 0.5125 0.3953125 0.009375 0.00625
20 0.5234375 0.496875 0.00859375 0.00625
15 0.1890625 0.615625 0.009375 0.00625
10 0.17109375 0.56796875 0.009375 0.00625
2 0.13125 0.4921875 0.009375 0.00625
0 0.18984375 0.49765625 0.009375 0.00625
18 0.140625 0.4359375 0.009375 0.00625
7 0.2609375 0.3421875 0.009375 0.00625
4 0.2078125 0.3765625 0.0234375 0.00546875
11 0.21796875 0.39921875 0.0234375 0.00703125
13 0.2171875 0.3875 0.00859375 0.00625
24 0.14375 0.4765625 0.009375 0.00625
21 0.16875 0.4984375 0.009375 0.00625
22 0.20546875 0.36953125 0.021875 0.00546875