23 0.3640625 0.2109375 0.00859375 0.0140625
8 0.35 0.44296875 0.0078125 0.0109375
14 0.3640625 0.50234375 0.0078125 0.01328125
6 0.41796875 0.50390625 0.00703125 0.01171875
17 0.33828125 0.62109375 0.00859375 0.0109375
1 0.378125 0.63359375 0.0078125 0.01015625
12 0.35859375 0.7046875 0.00859375 0.0125
3 0.40703125 0.74765625 0.00703125 0.0125
9 0.4171875 0.8796875 0.00625 0.00859375
19 0.628125 0.42578125 0.0078125 0.0140625
16 0.59375 0.471875 0.0078125 0.01328125
20 0.61484375 0.61015625 0.00859375 0.0125
15 0.3875 0.840625 0.00625 0.00859375
10 0.371875 0.790625 0.00703125 0.01015625
2 0.35 0.64609375 0.00703125 0.009375
0 0.38125 0.65546875 0.00703125 0.01015625
18 0.35390625 0.5640625 0.00703125 0.0109375
7 0.4046875 0.43515625 0.00703125 0.0125
4 0.37265625 0.4859375 0.0234375 0.0078125
11 0.38359375 0.52578125 0.01796875 0.00859375
13 0.38046875 0.50546875 0.009375 0.0125
24 0.35234375 0.62890625 0.00703125 0.009375
21 0.3625 0.659375 0.00703125 0.01015625
22 0.37421875 0.478125 0.02421875 0.009375