23 0.25234375 0.2140625 0.009375 0.00625
8 0.196875 0.3234375 0.009375 0.00625
14 0.19765625 0.3578125 0.00859375 0.00625
6 0.290625 0.365625 0.009375 0.00625
17 0.140625 0.4390625 0.00859375 0.00625
1 0.2078125 0.44765625 0.009375 0.00625
12 0.18203125 0.49375 0.0078125 0.00625
3 0.24765625 0.5109375 0.00859375 0.00625
9 0.265625 0.5875 0.009375 0.00625
19 0.61171875 0.34453125 0.009375 0.00625
16 0.53359375 0.3625 0.009375 0.00625
20 0.5265625 0.46953125 0.00859375 0.00625
15 0.21640625 0.5703125 0.009375 0.00625
10 0.196875 0.528125 0.009375 0.00625
2 0.1609375 0.45703125 0.009375 0.00625
0 0.2109375 0.465625 0.009375 0.00625
18 0.16953125 0.40390625 0.009375 0.00625
7 0.2984375 0.3203125 0.009375 0.00625
4 0.23515625 0.35625 0.02265625 0.00546875
11 0.2484375 0.37890625 0.0234375 0.00703125
13 0.24375 0.365625 0.00859375 0.00625
24 0.165625 0.4453125 0.009375 0.00625
21 0.18359375 0.46015625 0.009375 0.00625
22 0.2390625 0.3484375 0.021875 0.00546875