23 0.35859375 0.1796875 0.009375 0.00625
8 0.28203125 0.31484375 0.009375 0.00625
14 0.27890625 0.359375 0.0078125 0.00625
6 0.378125 0.38203125 0.009375 0.00625
17 0.1984375 0.44765625 0.00859375 0.00625
1 0.2765625 0.4640625 0.009375 0.00625
12 0.2421875 0.5140625 0.0078125 0.00625
3 0.31875 0.5453125 0.00859375 0.00625
9 0.31875 0.63828125 0.009375 0.00625
19 0.73671875 0.37890625 0.00859375 0.00625
16 0.66484375 0.41015625 0.00859375 0.00625
20 0.68203125 0.5296875 0.00859375 0.00625
15 0.2765625 0.61875 0.009375 0.00625
10 0.2546875 0.56171875 0.009375 0.00625
2 0.221875 0.47265625 0.009375 0.00625
0 0.28515625 0.48125 0.009375 0.00625
18 0.24375 0.40234375 0.009375 0.00625
7 0.3828125 0.32421875 0.009375 0.00625
4 0.31171875 0.3640625 0.0234375 0.00546875
11 0.32421875 0.390625 0.02265625 0.00703125
13 0.32109375 0.378125 0.00859375 0.00625
24 0.228125 0.45625 0.009375 0.00625
21 0.246875 0.47890625 0.009375 0.00625
22 0.309375 0.35546875 0.021875 0.00546875