14 0.23828125 0.3984375 0.009375 0.00625
6 0.31015625 0.3984375 0.009375 0.00625
17 0.18125 0.48515625 0.00859375 0.00625
1 0.25703125 0.49921875 0.009375 0.00625
12 0.25703125 0.5515625 0.00859375 0.00625
3 0.31640625 0.57265625 0.00859375 0.00625
9 0.33359375 0.66171875 0.009375 0.00625
19 0.65078125 0.34296875 0.00859375 0.00625
16 0.6046875 0.365625 0.00859375 0.00625
20 0.603125 0.49140625 0.00859375 0.00625
15 0.29375 0.63828125 0.009375 0.00625
10 0.27265625 0.5828125 0.009375 0.00625
2 0.19375 0.503125 0.009375 0.00625
0 0.26875 0.51484375 0.009375 0.00625
18 0.2125 0.446875 0.00859375 0.00625
7 0.3296875 0.36015625 0.009375 0.00625
22 0.265625 0.3828125 0.0234375 0.00546875
4 0.265625 0.39296875 0.0234375 0.00546875
11 0.27421875 0.41015625 0.0171875 0.0046875
13 0.2703125 0.4015625 0.009375 0.00625
24 0.21328125 0.49375 0.009375 0.00625
21 0.24765625 0.51953125 0.00859375 0.00625