11 0.22734375 0.44375 0.009375 0.00703125
6 0.3359375 0.4640625 0.0109375 0.00703125
4 0.28671875 0.4515625 0.03515625 0.00546875
11 0.2953125 0.4765625 0.0328125 0.00546875
13 0.2890625 0.46171875 0.009375 0.00625
17 0.16171875 0.54765625 0.0125 0.0078125
24 0.21015625 0.5578125 0.01171875 0.0078125
1 0.24375 0.56796875 0.01171875 0.00703125
0 0.246875 0.584375 0.009375 0.00625
12 0.2171875 0.6234375 0.0109375 0.00703125
3 0.28828125 0.65234375 0.009375 0.00625
10 0.23984375 0.66484375 0.0109375 0.00703125
21 0.22109375 0.5796875 0.0109375 0.00625
15 0.246875 0.7125 0.009375 0.00625
9 0.30703125 0.75 0.009375 0.00625
16 0.63203125 0.4515625 0.015625 0.0109375
19 0.7015625 0.4328125 0.015625 0.0109375
20 0.64921875 0.58515625 0.01640625 0.0109375
2 0.1984375 0.57421875 0.01015625 0.00703125