8 0.3875 0.3671875 0.00859375 0.00625
14 0.39609375 0.38984375 0.009375 0.00625
6 0.48046875 0.39140625 0.009375 0.00625
17 0.34453125 0.44375 0.00703125 0.00546875
1 0.4 0.4546875 0.009375 0.00625
12 0.37421875 0.4859375 0.00859375 0.00625
3 0.428125 0.51328125 0.00859375 0.00625
9 0.41640625 0.5796875 0.009375 0.00625
19 0.72265625 0.3625 0.00859375 0.00625
16 0.6875 0.37890625 0.00859375 0.00625
20 0.67109375 0.4578125 0.00859375 0.00625
15 0.38828125 0.5609375 0.009375 0.00625
10 0.38203125 0.5296875 0.009375 0.00625
2 0.35 0.45546875 0.009375 0.00625
0 0.4078125 0.46796875 0.009375 0.00625
18 0.37421875 0.41875 0.00859375 0.00625
7 0.475 0.3671875 0.009375 0.00625
22 0.43359375 0.3765625 0.0234375 0.00546875
4 0.43515625 0.38203125 0.0234375 0.00546875
11 0.44140625 0.4 0.0171875 0.0046875
13 0.43671875 0.38828125 0.009375 0.00625
24 0.3703125 0.45234375 0.009375 0.00625
21 0.37734375 0.46640625 0.00859375 0.00625