23 0.784375 0.22890625 0.009375 0.00703125
8 0.85078125 0.4 0.009375 0.00703125
14 0.84296875 0.42734375 0.009375 0.00703125
6 0.78125 0.43984375 0.009375 0.00703125
17 0.89765625 0.52109375 0.009375 0.00703125
21 0.8515625 0.54921875 0.009375 0.00703125
1 0.84765625 0.53203125 0.009375 0.00703125
12 0.85859375 0.57578125 0.009375 0.00703125
3 0.8046875 0.60546875 0.009375 0.00703125
9 0.77578125 0.6828125 0.009375 0.00703125
19 0.45625 0.415625 0.009375 0.00703125
16 0.50625 0.446875 0.009375 0.00703125
20 0.48984375 0.56015625 0.009375 0.00703125
2 0.88125 0.540625 0.009375 0.00703125
24 0.878125 0.52890625 0.009375 0.00703125
10 0.84609375 0.6234375 0.009375 0.00703125
15 0.8125 0.665625 0.009375 0.00703125
11 0.8140625 0.453125 0.0265625 0.00546875
13 0.8171875 0.4375 0.009375 0.00703125
7 0.7953125 0.3953125 0.01015625 0.00703125
18 0.87578125 0.48515625 0.009375 0.00703125
0 0.8328125 0.54765625 0.009375 0.00703125
4 0.825 0.425 0.03125 0.0046875