23 0.28828125 0.15390625 0.0078125 0.0140625
8 0.27578125 0.35234375 0.0078125 0.0109375
14 0.28671875 0.40703125 0.0078125 0.01328125
6 0.34140625 0.41484375 0.00703125 0.0125
17 0.25703125 0.51796875 0.00859375 0.0109375
1 0.296875 0.53984375 0.0078125 0.01015625
12 0.2765625 0.596875 0.00859375 0.0125
3 0.321875 0.6375 0.00703125 0.0125
9 0.3328125 0.75390625 0.00625 0.00859375
19 0.5546875 0.3875 0.0078125 0.0140625
16 0.51640625 0.4203125 0.0078125 0.01328125
20 0.51953125 0.55546875 0.00859375 0.01328125
15 0.30546875 0.71328125 0.00625 0.00859375
10 0.28984375 0.6609375 0.00703125 0.01015625
2 0.26875 0.54453125 0.00703125 0.009375
0 0.29765625 0.56171875 0.00703125 0.01015625
18 0.27890625 0.4640625 0.00703125 0.0109375
7 0.33203125 0.35625 0.00703125 0.0125
4 0.3046875 0.39375 0.0234375 0.0078125
11 0.3125 0.42734375 0.01796875 0.009375
13 0.3078125 0.409375 0.009375 0.01171875
24 0.27578125 0.53125 0.00703125 0.009375
21 0.28203125 0.55390625 0.00703125 0.01015625
22 0.30546875 0.384375 0.02421875 0.009375