23 0.25390625 0.23046875 0.00859375 0.00546875
8 0.2140625 0.38671875 0.00859375 0.00546875
14 0.23984375 0.41875 0.00859375 0.00546875
17 0.18984375 0.509375 0.0078125 0.00546875
24 0.23203125 0.51875 0.00859375 0.00546875
1 0.259375 0.521875 0.00859375 0.00546875
0 0.2765625 0.53671875 0.01015625 0.00703125
21 0.246875 0.53671875 0.00859375 0.00546875
12 0.2375 0.5703125 0.00859375 0.00546875
3 0.3078125 0.59453125 0.00859375 0.00546875
10 0.275 0.61640625 0.00859375 0.00546875
15 0.3046875 0.66015625 0.0078125 0.00546875
9 0.34453125 0.67578125 0.0109375 0.00703125
6 0.3375 0.41640625 0.00859375 0.00546875
22 0.2890625 0.3984375 0.03515625 0.0046875
11 0.2875 0.43671875 0.03515625 0.0046875
4 0.2703125 0.40390625 0.034375 0.0046875
13 0.28046875 0.41640625 0.009375 0.00625
20 0.65859375 0.51953125 0.00859375 0.00546875
19 0.715625 0.3625 0.00859375 0.00546875
16 0.64375 0.39921875 0.00859375 0.00546875
7 0.33671875 0.38046875 0.00859375 0.00546875
2 0.225 0.53359375 0.01015625 0.00703125