23 0.77890625 0.29375 0.009375 0.00703125
8 0.7984375 0.4046875 0.009375 0.00703125
14 0.7828125 0.43671875 0.009375 0.00703125
6 0.71015625 0.43828125 0.009375 0.00703125
17 0.81796875 0.51484375 0.009375 0.00703125
21 0.7765625 0.5359375 0.009375 0.00703125
1 0.771875 0.5234375 0.009375 0.00703125
12 0.7765625 0.55625 0.009375 0.00703125
3 0.7234375 0.57734375 0.009375 0.00703125
9 0.70078125 0.66171875 0.009375 0.00703125
19 0.43515625 0.409375 0.009375 0.00703125
16 0.47890625 0.43046875 0.009375 0.00703125
20 0.465625 0.51953125 0.009375 0.00703125
2 0.8046875 0.528125 0.009375 0.00703125
24 0.7953125 0.52109375 0.009375 0.00703125
10 0.765625 0.5984375 0.009375 0.00703125
15 0.7390625 0.63671875 0.009375 0.00703125
11 0.74609375 0.45234375 0.0265625 0.00546875
13 0.74765625 0.43984375 0.009375 0.00703125
7 0.74453125 0.40078125 0.01015625 0.00703125
18 0.7953125 0.48203125 0.009375 0.00703125
0 0.76015625 0.53359375 0.009375 0.00703125
4 0.75390625 0.4296875 0.03125 0.0046875
22 0.7515625 0.421875 0.03203125 0.0046875