23 0.75 0.25234375 0.01484375 0.009375
8 0.790625 0.3875 0.01484375 0.009375
14 0.78828125 0.39921875 0.01484375 0.009375
6 0.6828125 0.4171875 0.01484375 0.009375
11 0.72578125 0.4296875 0.01875 0.00546875
4 0.73515625 0.40625 0.0296875 0.00546875
13 0.73359375 0.415625 0.01015625 0.00703125
0 0.76171875 0.534375 0.01484375 0.009375
17 0.85390625 0.50234375 0.01484375 0.009375
24 0.8078125 0.51015625 0.01484375 0.009375
1 0.7796875 0.5203125 0.01484375 0.009375
3 0.7296875 0.60546875 0.01484375 0.009375
12 0.796875 0.5703125 0.01484375 0.009375
10 0.77265625 0.61640625 0.01484375 0.009375
21 0.7953125 0.53203125 0.01484375 0.009375
15 0.76875 0.6609375 0.01484375 0.009375
9 0.740625 0.6875 0.01484375 0.009375
16 0.3796875 0.4125 0.01484375 0.009375
19 0.31328125 0.39921875 0.015625 0.009375
20 0.38203125 0.54921875 0.01484375 0.009375
18 0.8203125 0.45234375 0.01484375 0.009375
7 0.66484375 0.38984375 0.01484375 0.009375
2 0.81875 0.52578125 0.01484375 0.009375