23 0.25546875 0.25078125 0.009375 0.00625
8 0.23125 0.38203125 0.00859375 0.00625
14 0.2515625 0.4265625 0.009375 0.00625
6 0.3484375 0.4328125 0.009375 0.00625
17 0.19140625 0.503125 0.00859375 0.00625
1 0.25 0.52265625 0.009375 0.00625
12 0.23046875 0.56953125 0.00859375 0.00625
3 0.30703125 0.60390625 0.00859375 0.00625
9 0.31953125 0.696875 0.009375 0.00625
19 0.73359375 0.4109375 0.01328125 0.0078125
16 0.675 0.43359375 0.00859375 0.00625
20 0.659375 0.55703125 0.00859375 0.00625
15 0.28125 0.66875 0.009375 0.00625
10 0.2421875 0.6296875 0.009375 0.00625
2 0.2 0.52109375 0.009375 0.00625
0 0.25859375 0.54375 0.009375 0.00625
18 0.2265625 0.4578125 0.00859375 0.00625
7 0.37734375 0.3921875 0.009375 0.00625
4 0.28984375 0.41953125 0.0234375 0.00546875
11 0.29296875 0.44296875 0.0171875 0.0046875
13 0.28984375 0.4296875 0.009375 0.00625
24 0.21796875 0.50859375 0.009375 0.00625
21 0.23046875 0.5390625 0.00859375 0.00625