23 0.45625 0.209375 0.01015625 0.00703125
8 0.4140625 0.3140625 0.009375 0.00625
14 0.42421875 0.34296875 0.00703125 0.0046875
0 0.434375 0.44296875 0.00859375 0.00546875
1 0.42578125 0.4265625 0.009375 0.00546875
24 0.40859375 0.4140625 0.00859375 0.00546875
17 0.3765625 0.41328125 0.00859375 0.00546875
21 0.41171875 0.43671875 0.009375 0.00546875
12 0.39375 0.4625 0.009375 0.00546875
10 0.421875 0.50703125 0.00859375 0.00546875
3 0.44765625 0.4953125 0.00859375 0.00546875
15 0.41796875 0.5296875 0.0078125 0.0046875
9 0.4546875 0.56015625 0.0078125 0.00546875
6 0.4921875 0.3515625 0.00859375 0.00546875
19 0.7515625 0.47265625 0.0140625 0.009375
20 0.8109375 0.3578125 0.01484375 0.009375
16 0.76015625 0.3734375 0.009375 0.00546875
22 0.459375 0.33203125 0.01875 0.0046875
4 0.459375 0.33671875 0.021875 0.0046875
11 0.4671875 0.3609375 0.0171875 0.00625
13 0.4640625 0.34609375 0.009375 0.00625
7 0.51875 0.3265625 0.01015625 0.00625
2 0.39609375 0.43046875 0.0078125 0.00546875