23 0.796875 0.28046875 0.00859375 0.00546875
6 0.74140625 0.4171875 0.009375 0.00625
14 0.8328125 0.40078125 0.009375 0.00625
8 0.8296875 0.384375 0.01015625 0.00625
17 0.8875 0.46171875 0.009375 0.00703125
21 0.85078125 0.4875 0.01015625 0.00625
1 0.8328125 0.47734375 0.009375 0.00703125
12 0.8609375 0.51796875 0.009375 0.00546875
24 0.86015625 0.46875 0.00859375 0.00546875
3 0.78203125 0.54453125 0.009375 0.00625
10 0.84765625 0.5546875 0.01015625 0.00703125
15 0.84296875 0.590625 0.009375 0.00625
9 0.815625 0.615625 0.009375 0.00546875
20 0.5171875 0.51796875 0.009375 0.00703125
4 0.78203125 0.4046875 0.0234375 0.00546875
11 0.77109375 0.41875 0.03359375 0.0046875
13 0.7796875 0.41015625 0.009375 0.00546875
0 0.82109375 0.4921875 0.01015625 0.00625
16 0.521875 0.4203125 0.00859375 0.00546875
19 0.484375 0.40625 0.00859375 0.0046875
22 0.7828125 0.39921875 0.0234375 0.00546875
7 0.70859375 0.38671875 0.01015625 0.00703125
2 0.86484375 0.48203125 0.01015625 0.00625