8 0.23359375 0.47890625 0.0078125 0.0046875
23 0.2546875 0.3859375 0.00703125 0.0046875
14 0.24375 0.50078125 0.00703125 0.0046875
6 0.28203125 0.5125 0.0078125 0.00546875
22 0.25234375 0.49765625 0.0140625 0.00390625
4 0.25390625 0.503125 0.01796875 0.0046875
11 0.259375 0.521875 0.0171875 0.00390625
13 0.25546875 0.50703125 0.00859375 0.00546875
17 0.19921875 0.5625 0.00625 0.0046875
24 0.2265625 0.5640625 0.0078125 0.00546875
0 0.25 0.58203125 0.00703125 0.0046875
1 0.24453125 0.5703125 0.00703125 0.0046875
12 0.228125 0.6015625 0.00625 0.00390625
3 0.26875 0.625 0.00703125 0.0046875
15 0.2484375 0.63828125 0.00625 0.0046875
21 0.234375 0.5828125 0.0078125 0.00546875
15 0.26640625 0.6671875 0.0078125 0.0046875
9 0.290625 0.68125 0.00859375 0.00546875
16 0.4734375 0.5015625 0.00859375 0.00546875
19 0.5015625 0.49609375 0.01015625 0.00625
20 0.47265625 0.5953125 0.0078125 0.00546875
18 0.23203125 0.52109375 0.00703125 0.0046875
7 0.2875 0.48828125 0.00859375 0.00546875
2 0.21953125 0.5765625 0.0078125 0.00546875