23 0.2875 0.246875 0.009375 0.00625
8 0.26640625 0.3515625 0.009375 0.00625
14 0.26171875 0.38359375 0.0078125 0.00625
6 0.33359375 0.3875 0.009375 0.00625
17 0.21015625 0.45625 0.00859375 0.00625
1 0.26875 0.46640625 0.009375 0.00625
12 0.24453125 0.51484375 0.00703125 0.00625
3 0.30390625 0.534375 0.0078125 0.00625
9 0.3328125 0.6140625 0.009375 0.00625
19 0.61796875 0.3875 0.00859375 0.00625
16 0.56796875 0.40546875 0.009375 0.00625
20 0.56875 0.49921875 0.00859375 0.00625
15 0.2890625 0.59765625 0.009375 0.00625
10 0.265625 0.55625 0.00859375 0.00625
2 0.22734375 0.47265625 0.00859375 0.00625
0 0.27421875 0.48359375 0.009375 0.00625
18 0.2390625 0.42265625 0.00859375 0.00625
7 0.3265625 0.35234375 0.009375 0.00625
22 0.29375 0.36640625 0.02265625 0.00546875
11 0.30234375 0.396875 0.0234375 0.00703125
13 0.2984375 0.384375 0.0078125 0.00625
24 0.23671875 0.46328125 0.009375 0.00625
21 0.24921875 0.48671875 0.009375 0.00625
4 0.29375 0.37421875 0.02265625 0.00546875