23 0.27109375 0.1859375 0.009375 0.00625
14 0.2390625 0.39375 0.009375 0.00625
6 0.3109375 0.384375 0.009375 0.00625
17 0.18671875 0.4671875 0.00859375 0.00625
1 0.2390625 0.4796875 0.009375 0.00625
12 0.2203125 0.528125 0.00859375 0.00625
3 0.27734375 0.56484375 0.00859375 0.00625
9 0.29453125 0.65234375 0.009375 0.00625
19 0.66953125 0.37578125 0.00859375 0.00625
16 0.625 0.403125 0.00859375 0.00625
20 0.61640625 0.51875 0.0078125 0.00546875
15 0.25 0.62890625 0.009375 0.00625
10 0.228125 0.57421875 0.009375 0.00625
2 0.19140625 0.48359375 0.009375 0.00625
0 0.24296875 0.50234375 0.009375 0.00625
18 0.21875 0.4359375 0.00859375 0.00625
7 0.321875 0.34140625 0.009375 0.00625
22 0.25625 0.36953125 0.0234375 0.00546875
4 0.26015625 0.38203125 0.0234375 0.00546875
11 0.2625 0.40625 0.0171875 0.0046875
13 0.26484375 0.390625 0.009375 0.00625
24 0.2078125 0.46953125 0.009375 0.00625
21 0.221875 0.49921875 0.00859375 0.00625