23 0.646875 0.1546875 0.01171875 0.015625
8 0.684375 0.328125 0.00703125 0.0109375
6 0.62265625 0.40390625 0.0078125 0.01015625
14 0.6796875 0.36875 0.0078125 0.0109375
1 0.68125 0.53515625 0.0078125 0.0109375
24 0.7015625 0.521875 0.0078125 0.01171875
17 0.728125 0.5140625 0.0078125 0.0109375
21 0.69375 0.5546875 0.00703125 0.009375
0 0.6734375 0.5546875 0.00703125 0.0109375
12 0.69765625 0.6 0.0078125 0.0109375
3 0.65078125 0.6453125 0.00859375 0.0125
10 0.678125 0.6796875 0.0078125 0.01171875
15 0.68125 0.728125 0.00859375 0.01328125
9 0.65625 0.771875 0.0078125 0.0125
16 0.43515625 0.42421875 0.009375 0.0125
19 0.3921875 0.378125 0.00859375 0.0125
20 0.428125 0.578125 0.01015625 0.01484375
22 0.65 0.3671875 0.0265625 0.0109375
4 0.65390625 0.38984375 0.02109375 0.0109375
11 0.64765625 0.41875 0.01796875 0.00859375
13 0.6515625 0.40234375 0.00859375 0.01328125
2 0.709375 0.5484375 0.00625 0.00859375
7 0.59453125 0.34609375 0.00859375 0.0109375