23 0.7046875 0.234375 0.009375 0.00703125
8 0.7703125 0.390625 0.009375 0.00703125
14 0.753125 0.43046875 0.009375 0.00703125
6 0.678125 0.434375 0.009375 0.00703125
17 0.81015625 0.509375 0.009375 0.00703125
21 0.75859375 0.53984375 0.009375 0.00703125
1 0.75078125 0.52421875 0.009375 0.00703125
12 0.76953125 0.56484375 0.009375 0.00703125
3 0.71484375 0.58984375 0.009375 0.00703125
9 0.70546875 0.6625 0.009375 0.00703125
19 0.36640625 0.4 0.009375 0.00703125
16 0.40625 0.4203125 0.009375 0.00703125
20 0.4046875 0.53515625 0.009375 0.00703125
2 0.80703125 0.52109375 0.009375 0.00703125
24 0.7859375 0.5234375 0.009375 0.00703125
10 0.75 0.60078125 0.009375 0.00703125
15 0.73359375 0.640625 0.009375 0.00703125
22 0.725 0.4140625 0.03125 0.00546875
4 0.73359375 0.421875 0.03125 0.0046875
11 0.71484375 0.44296875 0.02578125 0.00546875
13 0.721875 0.43046875 0.009375 0.00703125
7 0.65546875 0.39765625 0.009375 0.00703125
18 0.78359375 0.4734375 0.009375 0.00703125
0 0.74453125 0.5359375 0.009375 0.00703125