23 0.346875 0.2546875 0.009375 0.00625
14 0.346875 0.44296875 0.009375 0.00625
6 0.38515625 0.44921875 0.009375 0.00625
17 0.3203125 0.534375 0.00859375 0.00625
1 0.34921875 0.55859375 0.009375 0.00625
12 0.334375 0.6078125 0.00859375 0.00625
3 0.371875 0.6453125 0.00859375 0.00625
9 0.38203125 0.7375 0.009375 0.00625
19 0.54765625 0.4234375 0.00859375 0.00625
16 0.53671875 0.440625 0.00859375 0.00625
20 0.53046875 0.5859375 0.00859375 0.00625
15 0.36796875 0.71953125 0.009375 0.00625
10 0.34921875 0.6609375 0.009375 0.00625
2 0.32109375 0.55078125 0.009375 0.00625
0 0.35234375 0.57890625 0.009375 0.00625
18 0.3328125 0.50625 0.00859375 0.00625
7 0.39453125 0.39921875 0.009375 0.00625
22 0.35859375 0.42265625 0.0234375 0.00546875
4 0.3578125 0.4328125 0.0234375 0.00546875
11 0.365625 0.4625 0.0171875 0.00390625
13 0.35703125 0.4453125 0.009375 0.00625
24 0.33203125 0.5421875 0.009375 0.00625
21 0.340625 0.57734375 0.00859375 0.00625