23 0.31015625 0.20234375 0.015625 0.0109375
6 0.32578125 0.3953125 0.01015625 0.00703125
4 0.28125 0.37890625 0.02421875 0.00546875
11 0.3 0.4046875 0.03203125 0.00703125
13 0.29609375 0.39140625 0.01484375 0.00859375
17 0.2234375 0.47109375 0.009375 0.00703125
24 0.25078125 0.475 0.0109375 0.00703125
1 0.2765625 0.484375 0.009375 0.00703125
0 0.2828125 0.5015625 0.01015625 0.00625
12 0.26875 0.5359375 0.0109375 0.00703125
3 0.3390625 0.56640625 0.01015625 0.00625
10 0.309375 0.59609375 0.01171875 0.00703125
21 0.2734375 0.50234375 0.01015625 0.00703125
15 0.32421875 0.63515625 0.009375 0.00625
9 0.36953125 0.66328125 0.0109375 0.00625
16 0.6359375 0.3984375 0.0140625 0.009375
19 0.6953125 0.37578125 0.0140625 0.0078125
20 0.64921875 0.5296875 0.0140625 0.00859375
2 0.24375 0.49375 0.01015625 0.00703125
22 0.28828125 0.36875 0.02421875 0.00625
7 0.3640625 0.34921875 0.01171875 0.00703125
8 0.271875 0.3328125 0.01015625 0.00703125
14 0.27890625 0.37578125 0.01015625 0.00703125