23 0.23125 0.21640625 0.01171875 0.0078125
8 0.16953125 0.37265625 0.0140625 0.00859375
14 0.18359375 0.41015625 0.01015625 0.00703125
0 0.20234375 0.5171875 0.0109375 0.00703125
1 0.1921875 0.503125 0.009375 0.00703125
24 0.165625 0.4953125 0.009375 0.00546875
17 0.134375 0.48984375 0.01171875 0.00859375
21 0.18984375 0.51640625 0.01015625 0.0078125
12 0.17421875 0.546875 0.01171875 0.00859375
10 0.19609375 0.58984375 0.01015625 0.00703125
3 0.21953125 0.5734375 0.0109375 0.00703125
15 0.2078125 0.63359375 0.01171875 0.00703125
9 0.2375 0.65625 0.01015625 0.00703125
6 0.2515625 0.41171875 0.009375 0.00625
19 0.53984375 0.52578125 0.0125 0.00859375
20 0.58203125 0.36953125 0.01171875 0.00859375
16 0.53515625 0.38671875 0.0109375 0.0078125
22 0.2078125 0.39296875 0.0171875 0.0046875
4 0.209375 0.40078125 0.01796875 0.0046875
11 0.22109375 0.42109375 0.01796875 0.00546875
13 0.21953125 0.40859375 0.01015625 0.00625
7 0.303125 0.37265625 0.0125 0.0078125
2 0.16640625 0.5109375 0.0109375 0.0078125