23 0.61171875 0.3453125 0.009375 0.00703125
8 0.6578125 0.45 0.009375 0.00703125
14 0.65859375 0.47578125 0.009375 0.00703125
6 0.60703125 0.48828125 0.009375 0.00703125
17 0.69609375 0.5359375 0.009375 0.00703125
21 0.66015625 0.55859375 0.009375 0.00703125
1 0.65390625 0.54765625 0.009375 0.00703125
12 0.67109375 0.57578125 0.009375 0.00703125
3 0.63671875 0.60078125 0.009375 0.00703125
9 0.61953125 0.67421875 0.009375 0.00703125
19 0.35078125 0.4953125 0.009375 0.00703125
16 0.39140625 0.50546875 0.009375 0.00703125
20 0.384375 0.59140625 0.009375 0.00703125
2 0.68125 0.55234375 0.009375 0.00703125
24 0.67890625 0.54453125 0.009375 0.00703125
10 0.665625 0.61640625 0.009375 0.00703125
15 0.646875 0.65390625 0.009375 0.00703125
11 0.63671875 0.4953125 0.0265625 0.00546875
13 0.63984375 0.48515625 0.009375 0.00703125
7 0.6125 0.4546875 0.01015625 0.00703125
18 0.67890625 0.51328125 0.009375 0.00703125
0 0.6484375 0.5609375 0.009375 0.00703125
4 0.64453125 0.47578125 0.03203125 0.0046875
22 0.6453125 0.47109375 0.03125 0.0046875