23 0.79140625 0.228125 0.0109375 0.00703125
8 0.834375 0.34765625 0.0109375 0.00703125
14 0.825 0.396875 0.01015625 0.00625
6 0.7609375 0.4 0.009375 0.00703125
22 0.80390625 0.378125 0.01875 0.00546875
11 0.78671875 0.41171875 0.01875 0.00546875
4 0.80625 0.39375 0.01875 0.00546875
13 0.79609375 0.4015625 0.01328125 0.0078125
0 0.80546875 0.50234375 0.01328125 0.00859375
17 0.87265625 0.47890625 0.0109375 0.00703125
24 0.83984375 0.48203125 0.01015625 0.00703125
1 0.8140625 0.48828125 0.01015625 0.00703125
3 0.753125 0.55859375 0.0109375 0.00703125
12 0.8296875 0.534375 0.0109375 0.00703125
10 0.79296875 0.5875 0.01171875 0.0078125
21 0.8296875 0.503125 0.01171875 0.0078125
15 0.77890625 0.61796875 0.01171875 0.00859375
9 0.74296875 0.6421875 0.01171875 0.0078125
16 0.4703125 0.39140625 0.01015625 0.00703125
19 0.4203125 0.371875 0.01171875 0.0078125
20 0.46953125 0.51484375 0.01015625 0.00703125
7 0.71875 0.35859375 0.01328125 0.0078125
2 0.84921875 0.49921875 0.0109375 0.00703125