23 0.29765625 0.20546875 0.009375 0.00625
8 0.21015625 0.37265625 0.00859375 0.00625
14 0.21875 0.41015625 0.009375 0.00625
6 0.315625 0.4234375 0.009375 0.00625
17 0.14140625 0.49609375 0.00859375 0.00625
1 0.221875 0.51640625 0.009375 0.00625
12 0.1890625 0.56640625 0.00859375 0.00625
3 0.26640625 0.5953125 0.00859375 0.00625
9 0.259375 0.68984375 0.009375 0.00625
19 0.65390625 0.3921875 0.00859375 0.00625
16 0.6046875 0.41953125 0.00859375 0.00625
20 0.59921875 0.540625 0.00859375 0.00625
15 0.22265625 0.65859375 0.009375 0.00625
10 0.21328125 0.609375 0.009375 0.00625
2 0.14375 0.51796875 0.009375 0.00625
0 0.228125 0.534375 0.009375 0.00625
18 0.18046875 0.459375 0.00859375 0.00625
7 0.340625 0.3875 0.009375 0.00625
22 0.2578125 0.39375 0.0234375 0.00546875
4 0.25703125 0.40390625 0.0234375 0.00546875
11 0.26796875 0.428125 0.0171875 0.0046875
13 0.26171875 0.41328125 0.009375 0.00625
24 0.17734375 0.50546875 0.009375 0.00625
21 0.2015625 0.534375 0.00859375 0.00625