23 0.76640625 0.2046875 0.01015625 0.0171875
8 0.7875 0.4015625 0.009375 0.0171875
14 0.78203125 0.44609375 0.009375 0.0171875
6 0.7375 0.4609375 0.009375 0.0171875
17 0.81171875 0.55546875 0.00625 0.0125
21 0.7921875 0.60078125 0.0078125 0.0109375
1 0.78359375 0.57890625 0.00859375 0.0140625
12 0.79453125 0.6515625 0.00625 0.01015625
3 0.753125 0.68359375 0.00703125 0.0109375
9 0.734375 0.80234375 0.00625 0.009375
19 0.52421875 0.44921875 0.009375 0.0171875
16 0.56328125 0.48515625 0.009375 0.0171875
20 0.55390625 0.6296875 0.009375 0.0171875
2 0.80625 0.5875 0.00546875 0.00859375
24 0.8015625 0.5703125 0.00703125 0.0125
10 0.7875 0.70625 0.00703125 0.009375
15 0.7671875 0.76796875 0.00625 0.0109375
4 0.76796875 0.4390625 0.021875 0.0078125
11 0.76015625 0.4734375 0.0234375 0.00703125
13 0.7625 0.453125 0.009375 0.0171875
7 0.75703125 0.39375 0.01015625 0.0171875
18 0.79375 0.51328125 0.00703125 0.0140625
0 0.7765625 0.60390625 0.0078125 0.01015625