23 0.32734375 0.2546875 0.009375 0.00625
8 0.33359375 0.41640625 0.00859375 0.00625
14 0.34140625 0.45078125 0.009375 0.00625
6 0.40078125 0.46171875 0.009375 0.00625
17 0.3203125 0.55625 0.00859375 0.00625
1 0.36796875 0.5765625 0.009375 0.00625
12 0.3484375 0.6359375 0.00859375 0.00625
3 0.38984375 0.66875 0.00859375 0.00625
9 0.39609375 0.7703125 0.009375 0.00625
19 0.571875 0.40390625 0.00859375 0.00625
16 0.55078125 0.43671875 0.00859375 0.00625
20 0.5515625 0.55234375 0.00859375 0.00625
15 0.36953125 0.7421875 0.009375 0.00625
10 0.35859375 0.68203125 0.009375 0.00625
2 0.325 0.5734375 0.009375 0.00625
0 0.36640625 0.59296875 0.009375 0.00625
18 0.33359375 0.50546875 0.00859375 0.00625
7 0.40703125 0.41484375 0.009375 0.00625
22 0.365625 0.43671875 0.0234375 0.00546875
4 0.365625 0.4453125 0.0234375 0.00546875
11 0.37265625 0.478125 0.0171875 0.00390625
13 0.3671875 0.45703125 0.009375 0.00625
24 0.340625 0.5671875 0.009375 0.00625
21 0.35078125 0.58359375 0.00859375 0.00625