23 0.565625 0.15625 0.01015625 0.01328125
6 0.546875 0.3375 0.01015625 0.0125
14 0.58984375 0.32734375 0.01015625 0.01328125
13 0.5671875 0.3328125 0.0109375 0.02578125
4 0.5703125 0.31953125 0.015625 0.009375
11 0.56640625 0.34921875 0.0140625 0.009375
8 0.5921875 0.290625 0.01015625 0.01328125
17 0.62890625 0.44453125 0.00625 0.01015625
24 0.615625 0.4484375 0.00625 0.0109375
1 0.59375 0.45234375 0.00703125 0.0109375
0 0.5875 0.4703125 0.00625 0.0109375
21 0.6015625 0.47265625 0.00625 0.0109375
12 0.60546875 0.509375 0.00625 0.0109375
3 0.5703125 0.53203125 0.00625 0.0109375
10 0.59375 0.5515625 0.00703125 0.0109375
15 0.5828125 0.603125 0.0046875 0.00859375
9 0.5625 0.63203125 0.00546875 0.0078125
18 0.60546875 0.37578125 0.0078125 0.009375
16 0.39921875 0.346875 0.0078125 0.0125
19 0.36484375 0.3109375 0.0078125 0.0125
20 0.39921875 0.4890625 0.0078125 0.0125
2 0.61328125 0.471875 0.00625 0.0109375