23 0.7 0.30078125 0.0125 0.00859375
8 0.73203125 0.40703125 0.01015625 0.0078125
14 0.728125 0.42890625 0.0109375 0.00625
22 0.70546875 0.42578125 0.02109375 0.00390625
6 0.67109375 0.43671875 0.0109375 0.00625
13 0.70078125 0.43828125 0.00859375 0.00546875
4 0.7046875 0.4296875 0.01953125 0.0046875
11 0.69296875 0.44765625 0.0171875 0.0046875
17 0.77109375 0.50390625 0.00859375 0.00625
0 0.71328125 0.521875 0.00859375 0.00625
1 0.721875 0.5125 0.009375 0.00625
24 0.74609375 0.5078125 0.00859375 0.00625
21 0.73046875 0.521875 0.009375 0.00546875
12 0.7359375 0.54765625 0.00859375 0.00625
3 0.69140625 0.57109375 0.01015625 0.00625
10 0.7125 0.58359375 0.009375 0.00703125
20 0.42578125 0.521875 0.0125 0.0078125
19 0.38671875 0.41015625 0.01171875 0.00703125
16 0.428125 0.42734375 0.01015625 0.0078125
15 0.6828125 0.61328125 0.00859375 0.00546875
9 0.646875 0.634375 0.009375 0.00625
2 0.75078125 0.51875 0.009375 0.00546875
7 0.675 0.409375 0.01015625 0.00703125