23 0.559375 0.23828125 0.00625 0.00703125
8 0.5796875 0.35546875 0.00390625 0.00703125
14 0.58125 0.38671875 0.0046875 0.00859375
6 0.56953125 0.4 0.00390625 0.00546875
17 0.60390625 0.4546875 0.0046875 0.00546875
24 0.596875 0.45703125 0.00546875 0.00859375
1 0.590625 0.4625 0.003125 0.00859375
0 0.58828125 0.475 0.00390625 0.00703125
21 0.58984375 0.47265625 0.0046875 0.009375
12 0.58671875 0.50234375 0.00703125 0.00859375
3 0.57265625 0.53046875 0.00546875 0.00859375
10 0.5828125 0.540625 0.00703125 0.00859375
15 0.575 0.57421875 0.00625 0.0109375
9 0.56328125 0.59609375 0.00703125 0.00859375
16 0.47265625 0.4109375 0.009375 0.01171875
19 0.45546875 0.39609375 0.01015625 0.00859375
20 0.475 0.5171875 0.01015625 0.0109375
22 0.578125 0.37890625 0.0078125 0.00703125
4 0.58125 0.38828125 0.00859375 0.00546875
11 0.5765625 0.403125 0.00703125 0.00703125
13 0.57734375 0.3984375 0.00546875 0.01171875
2 0.596875 0.46953125 0.00546875 0.00859375
7 0.5609375 0.37109375 0.00390625 0.00703125