23 0.39765625 0.16328125 0.00703125 0.01015625
8 0.36171875 0.2875 0.00703125 0.0109375
14 0.3640625 0.315625 0.00546875 0.01015625
6 0.3859375 0.35 0.0046875 0.009375
17 0.3265625 0.4078125 0.00546875 0.00859375
24 0.3375 0.4203125 0.0046875 0.00859375
1 0.35078125 0.4296875 0.00625 0.00859375
0 0.3546875 0.4515625 0.00546875 0.01015625
21 0.34609375 0.44453125 0.00625 0.01015625
12 0.3375 0.48203125 0.0046875 0.00859375
3 0.35859375 0.525 0.00703125 0.01171875
10 0.34375 0.53203125 0.00703125 0.00859375
15 0.353125 0.5828125 0.00703125 0.0109375
9 0.371875 0.61015625 0.0109375 0.01015625
16 0.509375 0.38203125 0.00703125 0.01015625
19 0.53125 0.36796875 0.0078125 0.01015625
20 0.4984375 0.51015625 0.0078125 0.01015625
4 0.365625 0.325 0.00703125 0.0046875
11 0.36875 0.35234375 0.01171875 0.00546875
13 0.36875 0.3375 0.0046875 0.00625
2 0.33359375 0.43203125 0.00625 0.01015625
7 0.4015625 0.321875 0.00546875 0.00859375