23 0.76015625 0.26328125 0.0125 0.00703125
8 0.75546875 0.36953125 0.00859375 0.00546875
14 0.7453125 0.38984375 0.0140625 0.009375
6 0.68359375 0.40703125 0.00859375 0.00625
17 0.790625 0.46875 0.0078125 0.00546875
24 0.7609375 0.475 0.01015625 0.00625
1 0.7296875 0.48203125 0.0078125 0.0046875
0 0.71640625 0.49453125 0.00859375 0.00625
21 0.74140625 0.49296875 0.00859375 0.00546875
12 0.75234375 0.51171875 0.0078125 0.0046875
3 0.69921875 0.5453125 0.00703125 0.00390625
4 0.71796875 0.559375 0.00703125 0.0046875
15 0.69453125 0.5859375 0.009375 0.00625
9 0.66484375 0.60078125 0.00703125 0.00546875
16 0.42734375 0.38125 0.01640625 0.0125
19 0.37734375 0.35546875 0.01640625 0.0125
20 0.41953125 0.48359375 0.01640625 0.0125
11 0.71796875 0.39453125 0.02265625 0.0046875
10 0.71015625 0.41484375 0.02265625 0.00546875
13 0.71484375 0.40234375 0.0109375 0.01171875
2 0.7671875 0.4875 0.00859375 0.00546875
7 0.65703125 0.378125 0.01328125 0.009375