23 0.6265625 0.21953125 0.00625 0.01015625
8 0.6421875 0.3921875 0.0078125 0.0109375
14 0.63671875 0.44765625 0.0078125 0.0125
6 0.6 0.4671875 0.00703125 0.0109375
22 0.625 0.4359375 0.01796875 0.01015625
4 0.63046875 0.44765625 0.01875 0.01015625
11 0.61796875 0.4859375 0.015625 0.01015625
13 0.628125 0.4625 0.00546875 0.00859375
17 0.6703125 0.5578125 0.0046875 0.00625
24 0.6609375 0.56328125 0.00390625 0.00546875
1 0.63984375 0.58046875 0.00390625 0.00625
0 0.63671875 0.596875 0.00390625 0.00625
21 0.6484375 0.58984375 0.00390625 0.00703125
12 0.65625 0.640625 0.00390625 0.00625
3 0.62890625 0.68828125 0.00390625 0.00703125
10 0.64375 0.696875 0.00390625 0.00625
15 0.63125 0.74296875 0.00390625 0.00625
9 0.59609375 0.7796875 0.00390625 0.00703125
16 0.4328125 0.4796875 0.00625 0.00859375
19 0.39609375 0.453125 0.00625 0.01015625
20 0.43203125 0.6375 0.00625 0.01015625
2 0.6578125 0.58359375 0.00390625 0.00625
7 0.5796875 0.40625 0.00546875 0.01015625