23 0.40625 0.24296875 0.0109375 0.015625
8 0.3640625 0.390625 0.00546875 0.00859375
14 0.36953125 0.4296875 0.0078125 0.01328125
6 0.3984375 0.4421875 0.00546875 0.009375
17 0.346875 0.503125 0.00625 0.00859375
24 0.359375 0.5078125 0.00625 0.00703125
1 0.3671875 0.51796875 0.0046875 0.009375
0 0.37265625 0.534375 0.00546875 0.0109375
21 0.36875 0.534375 0.00546875 0.01015625
12 0.3609375 0.559375 0.00546875 0.01015625
3 0.38359375 0.59375 0.00703125 0.00859375
10 0.37109375 0.603125 0.00546875 0.00703125
15 0.37421875 0.65234375 0.00703125 0.009375
9 0.39140625 0.67578125 0.0078125 0.0109375
16 0.53046875 0.446875 0.0078125 0.0109375
19 0.553125 0.44375 0.0078125 0.0125
20 0.5296875 0.565625 0.00703125 0.01171875
4 0.3828125 0.4296875 0.015625 0.00546875
11 0.3890625 0.45 0.0171875 0.0046875
13 0.3859375 0.4390625 0.00546875 0.0109375
7 0.4078125 0.40625 0.00546875 0.0078125
2 0.35625 0.5265625 0.00546875 0.01015625