14 0.20703125 0.36953125 0.00625 0.00390625
6 0.25859375 0.37890625 0.00703125 0.0046875
23 0.2359375 0.234375 0.00625 0.00390625
4 0.23203125 0.36875 0.0140625 0.0046875
11 0.23828125 0.38515625 0.01953125 0.0046875
13 0.2375 0.37578125 0.00703125 0.0046875
17 0.1484375 0.42890625 0.00546875 0.003125
24 0.1796875 0.43359375 0.00703125 0.00390625
12 0.17890625 0.475 0.00703125 0.0046875
1 0.1984375 0.44296875 0.0078125 0.00546875
10 0.19921875 0.5171875 0.00625 0.00390625
3 0.22265625 0.5015625 0.00859375 0.00625
15 0.21796875 0.54765625 0.01015625 0.00625
21 0.19140625 0.45390625 0.0078125 0.00390625
9 0.2453125 0.5625 0.009375 0.00625
16 0.465625 0.4 0.01171875 0.00703125
0 0.20625 0.45546875 0.00703125 0.00390625
19 0.49921875 0.39453125 0.01171875 0.0078125
20 0.45 0.484375 0.01171875 0.0078125
8 0.1984375 0.34453125 0.00546875 0.00390625
7 0.284375 0.34921875 0.00703125 0.0046875
2 0.171875 0.4453125 0.00625 0.00390625