23 0.73671875 0.25078125 0.015625 0.0109375
14 0.7546875 0.375 0.01171875 0.00859375
22 0.71796875 0.3671875 0.028125 0.009375
6 0.6796875 0.39296875 0.01171875 0.0078125
13 0.7140625 0.3875 0.01484375 0.00859375
4 0.7234375 0.37890625 0.01875 0.00703125
11 0.70546875 0.4 0.025 0.00625
17 0.81640625 0.46640625 0.01171875 0.00859375
0 0.74296875 0.49609375 0.0125 0.00703125
2 0.78671875 0.4890625 0.0125 0.00703125
24 0.78359375 0.475 0.01171875 0.0078125
1 0.75390625 0.4796875 0.01171875 0.0078125
12 0.76875 0.525 0.01171875 0.0078125
10 0.73359375 0.56796875 0.01171875 0.0078125
3 0.7140625 0.54921875 0.0125 0.00859375
15 0.71015625 0.59453125 0.01171875 0.00859375
9 0.6734375 0.6140625 0.01171875 0.0078125
16 0.38984375 0.38828125 0.0125 0.0078125
19 0.3390625 0.37578125 0.01640625 0.01171875
8 0.76015625 0.346875 0.01171875 0.00859375
20 0.39140625 0.48984375 0.0125 0.00703125
21 0.76640625 0.49140625 0.01171875 0.00859375
7 0.65078125 0.359375 0.015625 0.0109375