23 0.6515625 0.32890625 0.0140625 0.01640625
8 0.65546875 0.425 0.00703125 0.0109375
14 0.64765625 0.45859375 0.00546875 0.00859375
6 0.621875 0.46953125 0.0078125 0.01015625
17 0.665625 0.52265625 0.00625 0.01171875
24 0.65625 0.52890625 0.00390625 0.00859375
1 0.65 0.53125 0.00390625 0.00625
0 0.646875 0.54375 0.00703125 0.01015625
21 0.64765625 0.54609375 0.00546875 0.00859375
12 0.64765625 0.57109375 0.00625 0.00859375
3 0.62734375 0.6046875 0.00390625 0.0109375
10 0.63671875 0.6125 0.0078125 0.00625
15 0.63046875 0.653125 0.009375 0.0125
9 0.6140625 0.67734375 0.00625 0.01171875
16 0.50546875 0.4625 0.00703125 0.01328125
19 0.48359375 0.4453125 0.0125 0.01328125
20 0.4921875 0.56484375 0.01171875 0.0109375
4 0.63828125 0.4609375 0.01171875 0.0046875
11 0.6359375 0.47265625 0.0171875 0.003125
13 0.6375 0.4671875 0.009375 0.0125
2 0.65703125 0.54296875 0.00546875 0.00859375
7 0.6171875 0.43828125 0.00546875 0.00859375