23 0.70625 0.25234375 0.01171875 0.0078125
14 0.75703125 0.3921875 0.01171875 0.0078125
22 0.73828125 0.39140625 0.0203125 0.0046875
6 0.70546875 0.40703125 0.01171875 0.0078125
13 0.73828125 0.4046875 0.0078125 0.00546875
4 0.7421875 0.396875 0.0203125 0.0046875
11 0.73515625 0.41875 0.0203125 0.0046875
17 0.809375 0.46796875 0.01171875 0.0078125
0 0.7546875 0.49765625 0.01171875 0.0078125
21 0.7671875 0.4921875 0.01171875 0.0078125
24 0.784375 0.4703125 0.01171875 0.0078125
1 0.76171875 0.48203125 0.01171875 0.0078125
12 0.78203125 0.51875 0.01171875 0.0078125
10 0.7578125 0.55859375 0.01171875 0.0078125
3 0.73828125 0.54609375 0.01171875 0.0078125
15 0.73515625 0.5875 0.01171875 0.0078125
9 0.70234375 0.60859375 0.01171875 0.0078125
16 0.45546875 0.41171875 0.01171875 0.0078125
19 0.4109375 0.39609375 0.01171875 0.0078125
20 0.440625 0.51484375 0.01171875 0.0078125
8 0.76015625 0.371875 0.01171875 0.00859375
7 0.66484375 0.3828125 0.01171875 0.00859375
2 0.79140625 0.4859375 0.01171875 0.0078125