6 0.69140625 0.40390625 0.0140625 0.0078125
14 0.7859375 0.38515625 0.0125 0.009375
13 0.74296875 0.39765625 0.009375 0.00703125
4 0.7484375 0.39140625 0.03203125 0.00703125
11 0.7328125 0.40546875 0.02890625 0.00546875
8 0.79296875 0.35859375 0.01171875 0.00859375
17 0.828125 0.4609375 0.01171875 0.009375
24 0.8 0.465625 0.0125 0.0078125
1 0.765625 0.478125 0.0125 0.0078125
0 0.75859375 0.4921875 0.01015625 0.0078125
21 0.78671875 0.4890625 0.01015625 0.00546875
12 0.7859375 0.5203125 0.01015625 0.00625
3 0.721875 0.53984375 0.0109375 0.00625
10 0.76484375 0.5515625 0.01015625 0.00625
15 0.746875 0.5796875 0.01015625 0.00625
9 0.70390625 0.60390625 0.009375 0.0046875
22 0.75234375 0.37890625 0.03125 0.00625
23 0.7515625 0.22890625 0.0140625 0.009375
20 0.44921875 0.496875 0.015625 0.0109375
16 0.45234375 0.3921875 0.01875 0.01015625
19 0.3984375 0.38203125 0.01796875 0.009375
7 0.68359375 0.3640625 0.01171875 0.0078125
2 0.80546875 0.48359375 0.01015625 0.00546875