23 0.62734375 0.2328125 0.00703125 0.01328125
8 0.64296875 0.3375 0.0046875 0.00703125
6 0.62265625 0.384375 0.0078125 0.00859375
17 0.659375 0.4515625 0.00703125 0.00703125
24 0.6515625 0.46015625 0.0046875 0.00859375
1 0.6421875 0.46484375 0.00625 0.00703125
2 0.65078125 0.47109375 0.00625 0.00859375
21 0.6390625 0.48046875 0.0046875 0.009375
12 0.64140625 0.521875 0.0046875 0.00703125
3 0.6265625 0.55234375 0.0046875 0.00859375
10 0.63359375 0.559375 0.00703125 0.00859375
15 0.621875 0.59765625 0.00546875 0.0109375
9 0.61015625 0.621875 0.00703125 0.00859375
16 0.52109375 0.3859375 0.009375 0.01171875
19 0.50078125 0.3703125 0.01015625 0.00859375
20 0.51875 0.50703125 0.01015625 0.0109375
4 0.6375 0.36640625 0.0140625 0.00546875
11 0.63359375 0.390625 0.01015625 0.00546875
13 0.63515625 0.375 0.00546875 0.00703125
0 0.63984375 0.4765625 0.00546875 0.00859375
7 0.61953125 0.35078125 0.00625 0.00859375
14 0.6359375 0.37734375 0.0046875 0.00703125