14 0.23515625 0.353125 0.01171875 0.00703125
6 0.30234375 0.37265625 0.01015625 0.00625
23 0.29453125 0.2 0.0109375 0.00625
4 0.26171875 0.36171875 0.0140625 0.0046875
11 0.27734375 0.38046875 0.015625 0.0046875
13 0.271875 0.36953125 0.00703125 0.00546875
17 0.19296875 0.42421875 0.01015625 0.00625
24 0.2171875 0.42734375 0.00703125 0.00390625
12 0.21484375 0.475 0.00625 0.00390625
3 0.2734375 0.5046875 0.00703125 0.00390625
10 0.22734375 0.51796875 0.00859375 0.00546875
21 0.23203125 0.44921875 0.00859375 0.0046875
19 0.61875 0.34375 0.01015625 0.00546875
22 0.26171875 0.353125 0.015625 0.0046875
1 0.2328125 0.43828125 0.00703125 0.0046875
0 0.2453125 0.4546875 0.0078125 0.00390625
15 0.26640625 0.55625 0.00625 0.00390625
9 0.303125 0.57265625 0.00625 0.00390625
20 0.5515625 0.47578125 0.0109375 0.00703125
16 0.57734375 0.36015625 0.01015625 0.00703125
7 0.3328125 0.33828125 0.01171875 0.00703125
8 0.23671875 0.32734375 0.01171875 0.00703125
2 0.2125 0.44296875 0.00859375 0.0046875