23 0.7078125 0.19140625 0.0109375 0.0078125
8 0.81953125 0.3734375 0.0125 0.0078125
14 0.79296875 0.40703125 0.01328125 0.009375
6 0.71796875 0.4234375 0.01328125 0.0078125
22 0.76875 0.39921875 0.03203125 0.00703125
4 0.771875 0.40625 0.01875 0.00546875
11 0.7484375 0.43515625 0.0234375 0.00703125
13 0.76328125 0.415625 0.0109375 0.00703125
17 0.85234375 0.48671875 0.00859375 0.00625
24 0.81796875 0.496875 0.01015625 0.00703125
1 0.78359375 0.5078125 0.0109375 0.0078125
0 0.765625 0.52265625 0.00859375 0.00546875
21 0.796875 0.52265625 0.01015625 0.00703125
12 0.8015625 0.56875 0.0109375 0.0078125
3 0.72265625 0.59453125 0.01171875 0.0078125
10 0.77265625 0.60390625 0.0109375 0.0078125
15 0.74375 0.640625 0.01015625 0.00703125
9 0.70703125 0.66953125 0.0109375 0.00703125
18 0.81171875 0.43984375 0.01015625 0.00703125
16 0.4125 0.39375 0.01171875 0.0078125
19 0.37578125 0.3796875 0.0125 0.00859375
20 0.3984375 0.53828125 0.0109375 0.00703125
7 0.72578125 0.3640625 0.0125 0.0078125
2 0.82734375 0.51484375 0.01015625 0.00703125