23 0.2375 0.20078125 0.0140625 0.009375
8 0.159375 0.34921875 0.01640625 0.0109375
14 0.1640625 0.3875 0.01640625 0.01171875
6 0.23046875 0.4125 0.0140625 0.009375
4 0.18125 0.396875 0.03046875 0.00546875
11 0.20078125 0.415625 0.0234375 0.00625
13 0.1875 0.40390625 0.01171875 0.00703125
17 0.10546875 0.4703125 0.0125 0.0078125
24 0.13046875 0.47890625 0.01328125 0.01015625
1 0.15703125 0.49296875 0.01484375 0.00859375
0 0.17421875 0.51015625 0.0140625 0.00859375
12 0.14375 0.53984375 0.0109375 0.00703125
3 0.19140625 0.5671875 0.01875 0.01171875
10 0.16015625 0.57421875 0.015625 0.00859375
21 0.1484375 0.5046875 0.009375 0.00625
15 0.18515625 0.6234375 0.01484375 0.009375
9 0.2359375 0.6515625 0.015625 0.0109375
16 0.509375 0.41796875 0.015625 0.01015625
19 0.56875 0.39921875 0.01640625 0.0109375
20 0.50859375 0.5453125 0.0171875 0.01171875
22 0.18515625 0.38046875 0.0296875 0.0078125
7 0.2515625 0.36875 0.01640625 0.0109375
2 0.12421875 0.4953125 0.009375 0.00625