23 0.21953125 0.209375 0.009375 0.00703125
8 0.19921875 0.34453125 0.0109375 0.00703125
14 0.2125 0.37734375 0.0109375 0.00703125
22 0.22734375 0.3734375 0.0328125 0.00703125
4 0.22578125 0.38046875 0.02734375 0.00703125
11 0.23203125 0.409375 0.02890625 0.00703125
6 0.2703125 0.39453125 0.0109375 0.0078125
13 0.22265625 0.3890625 0.01015625 0.00703125
17 0.16015625 0.45703125 0.0109375 0.0078125
24 0.18203125 0.46171875 0.0109375 0.00703125
1 0.20859375 0.46953125 0.0109375 0.0078125
0 0.21640625 0.48515625 0.0109375 0.00703125
21 0.19609375 0.48046875 0.0109375 0.00703125
12 0.1859375 0.51484375 0.0109375 0.00703125
3 0.2375 0.54296875 0.0109375 0.00703125
10 0.20859375 0.55703125 0.0109375 0.00703125
15 0.23828125 0.5984375 0.0109375 0.00703125
9 0.275 0.61171875 0.0109375 0.0078125
19 0.5984375 0.384375 0.009375 0.00703125
16 0.54453125 0.39765625 0.01015625 0.00703125
20 0.53984375 0.51171875 0.01015625 0.00625
7 0.30234375 0.35546875 0.0125 0.0078125
2 0.18046875 0.47578125 0.0109375 0.0078125