14 0.25390625 0.30625 0.01015625 0.00703125
6 0.3046875 0.34453125 0.0109375 0.00859375
23 0.3015625 0.1875 0.01015625 0.00703125
4 0.2671875 0.32734375 0.01640625 0.00625
11 0.2796875 0.35234375 0.0265625 0.00546875
13 0.275 0.3390625 0.01015625 0.00703125
17 0.1875 0.39765625 0.01015625 0.00625
24 0.20859375 0.4 0.01015625 0.00703125
12 0.21484375 0.45390625 0.01015625 0.00703125
1 0.23359375 0.4078125 0.0125 0.009375
10 0.23046875 0.49453125 0.0109375 0.00703125
3 0.2703125 0.48046875 0.0109375 0.00625
15 0.24296875 0.51875 0.01015625 0.00703125
21 0.2296875 0.42421875 0.01015625 0.00703125
9 0.28359375 0.5515625 0.0125 0.00703125
16 0.553125 0.37890625 0.01171875 0.0078125
22 0.26875 0.31953125 0.0234375 0.00625
0 0.2453125 0.4265625 0.01171875 0.0078125
8 0.2546875 0.303125 0.0109375 0.00703125
20 0.53671875 0.49609375 0.01171875 0.00703125
2 0.21015625 0.41640625 0.0109375 0.00625
7 0.34609375 0.3109375 0.0125 0.00703125