23 0.596875 0.2984375 0.00859375 0.00546875
8 0.64140625 0.3875 0.00625 0.0046875
14 0.6421875 0.396875 0.00703125 0.0046875
6 0.590625 0.41875 0.00703125 0.0046875
13 0.61640625 0.4171875 0.00703125 0.0046875
4 0.6203125 0.409375 0.0203125 0.0046875
11 0.6109375 0.4265625 0.01875 0.00390625
17 0.6953125 0.47109375 0.0078125 0.00546875
0 0.64375 0.49609375 0.00859375 0.00546875
1 0.65078125 0.48125 0.00703125 0.00390625
24 0.66953125 0.475 0.00703125 0.0046875
21 0.65625 0.4921875 0.00703125 0.00546875
12 0.6609375 0.51875 0.00859375 0.00546875
3 0.62578125 0.5453125 0.00703125 0.00546875
10 0.6484375 0.55078125 0.00703125 0.0046875
18 0.65078125 0.4125 0.0078125 0.0046875
20 0.3953125 0.5234375 0.0078125 0.00546875
19 0.34453125 0.42265625 0.0078125 0.0046875
16 0.38125 0.42890625 0.00703125 0.0046875
15 0.6484375 0.58046875 0.00625 0.00390625
9 0.615625 0.60546875 0.00703125 0.00390625
7 0.5828125 0.3921875 0.00703125 0.0046875
2 0.675 0.4859375 0.0078125 0.00546875