23 0.2390625 0.22265625 0.01484375 0.0078125
8 0.1890625 0.3515625 0.01015625 0.00625
14 0.1921875 0.3765625 0.01015625 0.00703125
6 0.26328125 0.41171875 0.01015625 0.00625
11 0.2328125 0.41875 0.02421875 0.00546875
4 0.215625 0.39140625 0.021875 0.00703125
13 0.22578125 0.40078125 0.009375 0.00546875
17 0.13203125 0.47734375 0.00859375 0.00546875
24 0.159375 0.4734375 0.00859375 0.00546875
1 0.1921875 0.490625 0.009375 0.00546875
0 0.203125 0.50703125 0.009375 0.00625
12 0.1703125 0.5296875 0.0109375 0.00625
3 0.23125 0.56484375 0.01015625 0.00625
10 0.2109375 0.584375 0.0109375 0.00625
21 0.18515625 0.50078125 0.00859375 0.00546875
15 0.228125 0.62109375 0.01015625 0.00625
9 0.265625 0.64609375 0.00859375 0.00546875
20 0.525 0.56796875 0.01015625 0.00703125
22 0.22109375 0.37890625 0.02265625 0.00625
7 0.3046875 0.36328125 0.01015625 0.00703125
2 0.1609375 0.49765625 0.00859375 0.00546875
16 0.5390625 0.44296875 0.01015625 0.00703125