23 0.58046875 0.2234375 0.0140625 0.01640625
8 0.59765625 0.35234375 0.009375 0.01484375
14 0.59609375 0.37890625 0.00703125 0.0140625
6 0.55703125 0.4125 0.00625 0.009375
17 0.62265625 0.48359375 0.00625 0.00703125
24 0.6078125 0.490625 0.00625 0.0078125
1 0.59140625 0.5 0.00859375 0.01171875
0 0.58125 0.51875 0.00703125 0.01015625
21 0.59375 0.51328125 0.00625 0.01015625
12 0.6015625 0.55 0.00703125 0.00859375
3 0.56953125 0.584375 0.0046875 0.00859375
10 0.5875 0.60234375 0.00390625 0.00546875
15 0.57890625 0.6484375 0.0046875 0.00625
9 0.56171875 0.67890625 0.00390625 0.00546875
16 0.43203125 0.4296875 0.00625 0.01015625
19 0.409375 0.40625 0.00625 0.0078125
20 0.425 0.5578125 0.00625 0.00859375
22 0.58125 0.3796875 0.01015625 0.0046875
4 0.58203125 0.3875 0.01015625 0.0046875
11 0.575 0.41796875 0.02265625 0.00546875
13 0.5765625 0.403125 0.00703125 0.009375
2 0.60546875 0.50625 0.00703125 0.01015625
7 0.54765625 0.36796875 0.00625 0.01015625