23 0.30390625 0.18828125 0.0171875 0.009375
8 0.18125 0.34765625 0.0125 0.0078125
14 0.203125 0.3859375 0.01640625 0.01171875
6 0.25234375 0.4109375 0.01171875 0.0078125
4 0.21171875 0.3921875 0.01640625 0.009375
11 0.2359375 0.4171875 0.03515625 0.009375
13 0.2203125 0.4 0.0125 0.0078125
17 0.128125 0.46484375 0.0140625 0.01015625
24 0.16171875 0.46796875 0.01328125 0.01015625
1 0.1890625 0.48515625 0.015625 0.0109375
0 0.20234375 0.50546875 0.01484375 0.0109375
12 0.16171875 0.54765625 0.0125 0.00703125
3 0.22421875 0.58125 0.01171875 0.00859375
10 0.18359375 0.58515625 0.0125 0.00703125
21 0.18203125 0.503125 0.0140625 0.009375
15 0.215625 0.64453125 0.01484375 0.009375
9 0.25859375 0.665625 0.015625 0.0109375
16 0.5453125 0.42421875 0.01484375 0.0078125
19 0.6078125 0.39921875 0.01640625 0.0109375
20 0.5671875 0.56796875 0.0171875 0.01171875
22 0.2140625 0.38203125 0.01640625 0.00625
7 0.26796875 0.35703125 0.0125 0.00703125
2 0.14609375 0.4890625 0.0140625 0.009375