23 0.7390625 0.2609375 0.0109375 0.00625
14 0.75234375 0.42734375 0.01015625 0.00625
6 0.70234375 0.434375 0.01015625 0.00703125
4 0.73828125 0.42421875 0.0140625 0.00546875
13 0.73046875 0.4328125 0.00859375 0.00546875
11 0.72109375 0.44375 0.0140625 0.0046875
17 0.80234375 0.4984375 0.01015625 0.00625
16 0.43828125 0.4265625 0.009375 0.00625
24 0.7765625 0.5046875 0.01015625 0.00625
1 0.75 0.5109375 0.01015625 0.00625
0 0.740625 0.52421875 0.01015625 0.00625
21 0.759375 0.52109375 0.01015625 0.00625
12 0.77109375 0.546875 0.01015625 0.00625
3 0.71640625 0.5703125 0.01015625 0.00625
10 0.74296875 0.58828125 0.01015625 0.00625
9 0.68046875 0.6359375 0.00859375 0.00546875
20 0.425 0.5234375 0.015625 0.009375
19 0.38671875 0.4078125 0.015625 0.009375
22 0.7359375 0.41640625 0.01640625 0.00546875
15 0.7203125 0.615625 0.00859375 0.00625
8 0.7671875 0.39609375 0.009375 0.00546875
2 0.77578125 0.51796875 0.01015625 0.00625
7 0.675 0.39375 0.009375 0.00546875