14 0.19375 0.4171875 0.01015625 0.00703125
6 0.25078125 0.40859375 0.0125 0.00859375
23 0.1921875 0.2578125 0.01171875 0.00703125
4 0.2109375 0.40078125 0.015625 0.00390625
11 0.2265625 0.42265625 0.01484375 0.00390625
13 0.2140625 0.40859375 0.00859375 0.00546875
24 0.18359375 0.48671875 0.0078125 0.0046875
3 0.2484375 0.5640625 0.00703125 0.0046875
21 0.2171875 0.50390625 0.00703125 0.00390625
16 0.48984375 0.40546875 0.01171875 0.0078125
20 0.48984375 0.51953125 0.01171875 0.0078125
22 0.2125 0.3953125 0.02265625 0.0046875
1 0.20859375 0.48984375 0.00703125 0.00390625
0 0.23046875 0.5078125 0.00703125 0.00390625
15 0.2515625 0.60859375 0.00703125 0.00390625
17 0.16171875 0.484375 0.009375 0.00625
9 0.28359375 0.62890625 0.00625 0.00390625
10 0.21875 0.57265625 0.0078125 0.00390625
12 0.20390625 0.534375 0.00703125 0.00390625
8 0.178125 0.37421875 0.01015625 0.00703125
7 0.2546875 0.3671875 0.01015625 0.00703125
2 0.1953125 0.50390625 0.00703125 0.00390625