23 0.3890625 0.1703125 0.009375 0.0140625
8 0.371875 0.32109375 0.00703125 0.0125
14 0.375 0.3578125 0.00546875 0.00859375
6 0.40546875 0.35625 0.0046875 0.00703125
4 0.38984375 0.34453125 0.01640625 0.00546875
11 0.39375 0.36171875 0.0140625 0.00390625
13 0.3921875 0.3546875 0.00703125 0.00859375
17 0.34375 0.44375 0.00625 0.00703125
24 0.35703125 0.43984375 0.00625 0.00859375
1 0.36796875 0.44765625 0.00625 0.00703125
0 0.375 0.4734375 0.0046875 0.0078125
12 0.3609375 0.515625 0.00390625 0.0078125
3 0.38828125 0.534375 0.00546875 0.00625
10 0.36875 0.5484375 0.00546875 0.00703125
21 0.365625 0.47578125 0.00703125 0.00703125
15 0.3828125 0.59609375 0.00703125 0.01015625
9 0.40859375 0.63046875 0.0078125 0.01171875
16 0.52734375 0.353125 0.0078125 0.01328125
19 0.55390625 0.3234375 0.01015625 0.0140625
20 0.534375 0.4875 0.0078125 0.0140625
22 0.390625 0.3390625 0.01953125 0.00703125
7 0.41015625 0.31015625 0.00703125 0.01171875
2 0.35625 0.46953125 0.00703125 0.00703125