23 0.4640625 0.20078125 0.00703125 0.0109375
8 0.4203125 0.3171875 0.00546875 0.00703125
14 0.41484375 0.35078125 0.00546875 0.00859375
22 0.42109375 0.35859375 0.00625 0.00546875
4 0.41796875 0.3671875 0.00703125 0.00625
6 0.42734375 0.38359375 0.0046875 0.00703125
17 0.37421875 0.43515625 0.0046875 0.00703125
24 0.3828125 0.44140625 0.0046875 0.00625
1 0.38984375 0.45546875 0.0046875 0.00546875
0 0.39140625 0.478125 0.0046875 0.00625
21 0.3875 0.47265625 0.00390625 0.00625
12 0.37109375 0.50625 0.00390625 0.00546875
3 0.38515625 0.553125 0.0046875 0.00625
10 0.36875 0.55078125 0.0046875 0.00625
15 0.375 0.61796875 0.00546875 0.00703125
9 0.39375 0.65703125 0.0046875 0.00625
19 0.5765625 0.4359375 0.00546875 0.00703125
16 0.55234375 0.4515625 0.00546875 0.00859375
20 0.5328125 0.590625 0.0046875 0.00703125
7 0.44296875 0.3546875 0.00390625 0.00625
2 0.3796875 0.4578125 0.00390625 0.00546875