23 0.35078125 0.1171875 0.00390625 0.00703125
8 0.31171875 0.28984375 0.00390625 0.00625
14 0.3140625 0.3234375 0.00546875 0.0078125
6 0.365625 0.3390625 0.00546875 0.00703125
4 0.3421875 0.328125 0.0140625 0.0078125
11 0.346875 0.35546875 0.0109375 0.00703125
13 0.34609375 0.34140625 0.0046875 0.00703125
17 0.28125 0.421875 0.00625 0.009375
24 0.29765625 0.42578125 0.00546875 0.0078125
1 0.31328125 0.43828125 0.00546875 0.0078125
0 0.32109375 0.45625 0.00625 0.00859375
12 0.29765625 0.48828125 0.00625 0.00859375
3 0.334375 0.51875 0.00625 0.009375
10 0.31171875 0.5421875 0.00625 0.00859375
21 0.3046875 0.4546875 0.00546875 0.0078125
15 0.321875 0.575 0.00546875 0.0078125
9 0.33984375 0.60625 0.00546875 0.00703125
20 0.50703125 0.48671875 0.0046875 0.00703125
16 0.51328125 0.32890625 0.00546875 0.0078125
19 0.53671875 0.30546875 0.0046875 0.00625
2 0.29453125 0.4453125 0.00625 0.00859375
22 0.34296875 0.315625 0.01484375 0.00703125
7 0.3859375 0.28359375 0.0046875 0.00703125