23 0.80625 0.21953125 0.01328125 0.0078125
7 0.69296875 0.35546875 0.0125 0.00703125
14 0.8234375 0.35 0.01171875 0.00703125
6 0.73359375 0.37265625 0.01171875 0.00703125
13 0.7796875 0.36171875 0.01015625 0.00625
4 0.78046875 0.353125 0.01953125 0.00546875
11 0.7734375 0.378125 0.01953125 0.00546875
17 0.88359375 0.428125 0.01171875 0.00703125
0 0.81484375 0.46328125 0.0109375 0.00703125
1 0.825 0.44765625 0.01171875 0.0078125
24 0.85546875 0.4359375 0.01171875 0.00703125
21 0.83515625 0.45625 0.0125 0.00703125
12 0.8484375 0.49609375 0.01171875 0.00703125
3 0.7796875 0.521875 0.0125 0.00859375
10 0.8234375 0.5328125 0.0109375 0.00703125
15 0.81640625 0.5609375 0.0109375 0.00703125
9 0.7796875 0.59296875 0.01171875 0.00703125
20 0.4640625 0.50625 0.01171875 0.0078125
16 0.45234375 0.3796875 0.0109375 0.0078125
19 0.40703125 0.36015625 0.01328125 0.00859375
2 0.85625 0.4515625 0.0125 0.00703125
8 0.825 0.32734375 0.0125 0.00703125