23 0.2578125 0.2671875 0.01015625 0.00703125
8 0.2234375 0.378125 0.00859375 0.00625
14 0.22734375 0.3984375 0.009375 0.00546875
6 0.30234375 0.4078125 0.01015625 0.00625
11 0.271875 0.42109375 0.01796875 0.00546875
4 0.26640625 0.40390625 0.0203125 0.0046875
13 0.2703125 0.4109375 0.00859375 0.00703125
17 0.1828125 0.47421875 0.01015625 0.00625
24 0.21328125 0.47421875 0.01015625 0.00703125
1 0.234375 0.4828125 0.01015625 0.00625
0 0.24609375 0.49375 0.009375 0.00625
12 0.2140625 0.521875 0.01015625 0.00625
3 0.26875 0.54375 0.0109375 0.00703125
10 0.240625 0.55625 0.01015625 0.00625
21 0.22265625 0.49296875 0.00859375 0.00546875
15 0.2671875 0.58828125 0.009375 0.00625
9 0.31328125 0.60859375 0.009375 0.00625
20 0.54765625 0.48828125 0.0125 0.0078125
22 0.265625 0.3984375 0.02890625 0.00546875
19 0.58984375 0.378125 0.0125 0.0078125
16 0.54609375 0.3953125 0.01171875 0.0078125
7 0.3109375 0.38203125 0.009375 0.00625
2 0.20625 0.49140625 0.00859375 0.00625