14 0.23359375 0.340625 0.01171875 0.0078125
6 0.33046875 0.3671875 0.00546875 0.00390625
4 0.2859375 0.35078125 0.01875 0.0046875
11 0.3015625 0.371875 0.025 0.003125
13 0.2953125 0.3609375 0.00625 0.0046875
1 0.24140625 0.4390625 0.01015625 0.00703125
12 0.228125 0.4875 0.00625 0.00390625
3 0.3 0.50546875 0.00703125 0.0046875
21 0.2328125 0.45234375 0.009375 0.00625
15 0.25859375 0.55234375 0.00703125 0.00390625
16 0.58203125 0.3796875 0.01171875 0.00703125
20 0.5859375 0.4734375 0.01171875 0.00703125
8 0.23046875 0.321875 0.01171875 0.00703125
22 0.2921875 0.3390625 0.0203125 0.003125
24 0.21171875 0.434375 0.01015625 0.00625
17 0.17734375 0.43046875 0.01171875 0.00703125
0 0.2546875 0.45546875 0.009375 0.00625
10 0.24609375 0.51796875 0.00703125 0.00390625
9 0.28671875 0.5703125 0.00625 0.00390625
2 0.21015625 0.45 0.00859375 0.00625