23 0.39609375 0.23125 0.00703125 0.01015625
8 0.37734375 0.3578125 0.00703125 0.01015625
14 0.38125 0.38671875 0.0046875 0.00703125
6 0.40859375 0.3828125 0.0078125 0.01015625
4 0.39375 0.37421875 0.01328125 0.00546875
11 0.39375 0.3984375 0.009375 0.00625
13 0.39296875 0.384375 0.0046875 0.00703125
17 0.3609375 0.4765625 0.00546875 0.0078125
24 0.37109375 0.48046875 0.00546875 0.00703125
1 0.3859375 0.47890625 0.0046875 0.00703125
0 0.39140625 0.49765625 0.00546875 0.00703125
12 0.38125 0.52734375 0.0046875 0.00703125
3 0.403125 0.54140625 0.00390625 0.00703125
10 0.39296875 0.55546875 0.00546875 0.00703125
21 0.384375 0.4984375 0.0046875 0.00625
15 0.40859375 0.59765625 0.003125 0.00546875
9 0.42578125 0.61171875 0.00390625 0.00625
16 0.5109375 0.3703125 0.00703125 0.01015625
19 0.53046875 0.33984375 0.0078125 0.01015625
20 0.52109375 0.47890625 0.00703125 0.01015625
18 0.37265625 0.4296875 0.00703125 0.0109375
7 0.40859375 0.35 0.00703125 0.01015625
2 0.37265625 0.4984375 0.00546875 0.00625