14 0.23046875 0.3359375 0.01015625 0.0078125
6 0.28203125 0.36953125 0.0125 0.0078125
23 0.26953125 0.21015625 0.0125 0.0109375
4 0.2421875 0.353125 0.01796875 0.00703125
11 0.2546875 0.37578125 0.02265625 0.00625
17 0.16328125 0.4328125 0.0125 0.0078125
24 0.18515625 0.440625 0.01015625 0.00703125
12 0.18359375 0.48828125 0.00703125 0.00625
1 0.209375 0.4484375 0.01015625 0.00546875
10 0.203125 0.5296875 0.0109375 0.00625
3 0.234375 0.5203125 0.0125 0.01015625
15 0.2078125 0.57109375 0.0125 0.00859375
21 0.20703125 0.4609375 0.01015625 0.00703125
9 0.23828125 0.59375 0.0125 0.0078125
16 0.54609375 0.39609375 0.01171875 0.0078125
22 0.24453125 0.34765625 0.01875 0.00390625
0 0.2203125 0.465625 0.01171875 0.00703125
19 0.5875 0.3828125 0.01171875 0.00703125
20 0.5421875 0.5203125 0.01171875 0.0078125
8 0.23046875 0.3203125 0.01015625 0.0078125
7 0.328125 0.33359375 0.01015625 0.0078125
2 0.184375 0.4546875 0.01015625 0.00703125