0 0.2640625 0.403125 0.01171875 0.0078125
14 0.2734375 0.4296875 0.01171875 0.00703125
4 0.31796875 0.4171875 0.0328125 0.00546875
11 0.3203125 0.4484375 0.02265625 0.00546875
6 0.3640625 0.43515625 0.01015625 0.00703125
13 0.32265625 0.43125 0.01015625 0.00703125
17 0.19140625 0.5234375 0.0109375 0.00703125
24 0.23671875 0.5234375 0.0109375 0.0078125
1 0.2765625 0.5359375 0.0109375 0.0078125
0 0.28828125 0.55859375 0.0109375 0.0078125
21 0.253125 0.55625 0.0109375 0.0078125
12 0.25078125 0.5921875 0.0109375 0.00703125
3 0.32265625 0.621875 0.0125 0.0078125
10 0.275 0.634375 0.0109375 0.0078125
15 0.27734375 0.67890625 0.0109375 0.0078125
9 0.32421875 0.7109375 0.01328125 0.00859375
16 0.70546875 0.425 0.01171875 0.0078125
20 0.66953125 0.5703125 0.01875 0.0125
7 0.39609375 0.40078125 0.01171875 0.0078125
2 0.22421875 0.54921875 0.0109375 0.0078125