6 0.6890625 0.4375 0.0171875 0.0125
14 0.76484375 0.43046875 0.01171875 0.00859375
13 0.73203125 0.43671875 0.0125 0.00703125
4 0.73828125 0.425 0.03046875 0.0078125
11 0.72421875 0.45078125 0.028125 0.0078125
8 0.7796875 0.3828125 0.01640625 0.01171875
17 0.84296875 0.53515625 0.01015625 0.00703125
24 0.809375 0.5390625 0.0109375 0.00703125
1 0.78125 0.54765625 0.00859375 0.00625
0 0.77421875 0.5625 0.01015625 0.00625
21 0.79921875 0.559375 0.01015625 0.00703125
12 0.8125 0.60078125 0.0109375 0.00625
3 0.7421875 0.63203125 0.01171875 0.00703125
10 0.7984375 0.640625 0.01640625 0.01015625
15 0.7609375 0.69921875 0.0109375 0.0078125
9 0.7140625 0.72734375 0.01171875 0.00703125
16 0.30390625 0.4515625 0.0203125 0.015625
19 0.228125 0.42734375 0.01796875 0.01328125
20 0.3515625 0.6078125 0.01875 0.01328125
23 0.7453125 0.28828125 0.01875 0.01171875
22 0.73828125 0.4140625 0.034375 0.009375
2 0.81953125 0.5546875 0.01015625 0.00625
7 0.6640625 0.37421875 0.01640625 0.01171875