23 0.62890625 0.23125 0.0046875 0.00703125
8 0.6546875 0.3765625 0.0046875 0.00703125
14 0.64921875 0.421875 0.00390625 0.00625
6 0.61484375 0.42734375 0.0046875 0.00625
22 0.6296875 0.4015625 0.0171875 0.0078125
4 0.6359375 0.41328125 0.0140625 0.00859375
11 0.62890625 0.446875 0.0140625 0.01015625
13 0.63359375 0.425 0.00625 0.00859375
17 0.67890625 0.51640625 0.00390625 0.00546875
24 0.66328125 0.5234375 0.00546875 0.00703125
1 0.64921875 0.53671875 0.00390625 0.00546875
0 0.64375 0.55234375 0.00546875 0.00703125
21 0.65390625 0.55078125 0.00390625 0.00625
12 0.6578125 0.58203125 0.00390625 0.00625
3 0.62734375 0.621875 0.00390625 0.00546875
10 0.64296875 0.63203125 0.0046875 0.00703125
15 0.6296875 0.6765625 0.00390625 0.00703125
9 0.6078125 0.7046875 0.00390625 0.00703125
16 0.44921875 0.41328125 0.0046875 0.00625
19 0.42578125 0.40703125 0.00390625 0.00546875
20 0.46328125 0.58203125 0.00390625 0.00625
7 0.6015625 0.38125 0.0046875 0.00703125
2 0.66875 0.53671875 0.00390625 0.00625