0 0.7734375 0.359375 0.01171875 0.00859375
14 0.76328125 0.3890625 0.0125 0.0078125
6 0.6625 0.38984375 0.0109375 0.00703125
22 0.7203125 0.37109375 0.021875 0.00546875
4 0.71796875 0.3796875 0.02890625 0.00703125
11 0.709375 0.40625 0.02265625 0.00546875
13 0.71484375 0.390625 0.01015625 0.00703125
17 0.83671875 0.48671875 0.0125 0.0078125
24 0.78984375 0.48984375 0.01171875 0.00703125
1 0.746875 0.4984375 0.0109375 0.0078125
0 0.7375 0.5171875 0.0109375 0.00703125
21 0.76953125 0.5171875 0.01171875 0.00703125
12 0.76953125 0.55390625 0.0109375 0.00703125
3 0.69140625 0.578125 0.0109375 0.0078125
10 0.7421875 0.5890625 0.0109375 0.00703125
15 0.73984375 0.63203125 0.01171875 0.0078125
9 0.69765625 0.665625 0.01171875 0.00703125
16 0.31171875 0.375 0.01484375 0.01015625
19 0.2578125 0.359375 0.01328125 0.00859375
20 0.334375 0.51015625 0.01171875 0.0078125
7 0.62265625 0.35234375 0.0125 0.00859375
2 0.80078125 0.51015625 0.01171875 0.00703125