14 0.203125 0.35 0.01171875 0.00703125
6 0.26796875 0.37109375 0.0125 0.0078125
23 0.22890625 0.22734375 0.01171875 0.00625
4 0.23125 0.35703125 0.02421875 0.0078125
11 0.240625 0.38046875 0.02421875 0.0046875
13 0.23359375 0.36796875 0.0109375 0.00625
17 0.134375 0.4375 0.0109375 0.00703125
24 0.1640625 0.44296875 0.00859375 0.0046875
12 0.17734375 0.49921875 0.00703125 0.00546875
1 0.190625 0.45546875 0.00703125 0.0046875
10 0.20859375 0.54296875 0.00859375 0.00546875
3 0.22578125 0.525 0.01171875 0.0078125
15 0.23359375 0.5734375 0.00859375 0.00703125
2 0.159375 0.46015625 0.0109375 0.00625
9 0.26796875 0.59140625 0.0109375 0.00546875
16 0.53046875 0.3859375 0.01484375 0.0109375
22 0.23359375 0.34375 0.02734375 0.009375
0 0.20390625 0.471875 0.00859375 0.00546875
19 0.596875 0.35703125 0.01484375 0.01015625
8 0.20234375 0.32109375 0.01171875 0.00703125
20 0.5390625 0.478125 0.01484375 0.01015625
7 0.28828125 0.34140625 0.01171875 0.00703125
18 0.18046875 0.3890625 0.01171875 0.00703125