23 0.3859375 0.171875 0.00625 0.009375
8 0.375 0.31328125 0.00546875 0.00859375
14 0.37734375 0.34140625 0.00625 0.00859375
6 0.415625 0.35546875 0.00625 0.00859375
17 0.3578125 0.428125 0.00703125 0.01015625
24 0.37109375 0.43203125 0.00703125 0.01171875
1 0.38671875 0.4390625 0.00703125 0.01015625
0 0.3921875 0.4578125 0.00625 0.00859375
25 0.38046875 0.453125 0.00625 0.01015625
12 0.378125 0.4828125 0.0078125 0.01015625
3 0.4109375 0.51015625 0.00703125 0.01015625
10 0.39296875 0.5296875 0.00625 0.00859375
15 0.40390625 0.56875 0.00625 0.009375
9 0.42109375 0.58203125 0.00546875 0.00859375
16 0.53359375 0.340625 0.00859375 0.0125
19 0.55625 0.31640625 0.01015625 0.0109375
20 0.53984375 0.453125 0.0078125 0.0109375
22 0.3984375 0.33125 0.01953125 0.00859375
4 0.39765625 0.34765625 0.0171875 0.00703125
11 0.3984375 0.36171875 0.015625 0.00546875
13 0.39921875 0.3546875 0.0046875 0.00703125
2 0.3703125 0.45 0.00625 0.0109375
7 0.434375 0.32109375 0.0046875 0.0078125