23 0.21953125 0.18671875 0.03046875 0.01796875
8 0.22734375 0.34921875 0.02109375 0.01328125
14 0.24453125 0.3859375 0.02421875 0.01484375
6 0.41953125 0.384375 0.02578125 0.01640625
17 0.19140625 0.48125 0.015625 0.0125
24 0.2390625 0.48125 0.01640625 0.0125
1 0.2890625 0.48984375 0.01640625 0.0125
0 0.29609375 0.5140625 0.01640625 0.0125
21 0.2453125 0.5109375 0.01640625 0.0125
12 0.24296875 0.55 0.01640625 0.0125
3 0.37265625 0.56953125 0.01640625 0.0125
10 0.26328125 0.59609375 0.01640625 0.0125
15 0.28828125 0.65390625 0.01640625 0.0125
9 0.35703125 0.68359375 0.01640625 0.0125
16 0.72734375 0.3734375 0.01640625 0.0125
19 0.7859375 0.35 0.01640625 0.0125
20 0.73203125 0.51796875 0.01640625 0.0125
22 0.33515625 0.3609375 0.0359375 0.00625
4 0.33125 0.36796875 0.03046875 0.00703125
11 0.3296875 0.3984375 0.03046875 0.0078125
13 0.3234375 0.38046875 0.01875 0.0140625
7 0.4265625 0.32734375 0.02578125 0.01640625
2 0.225 0.50546875 0.01640625 0.0125