14 0.23671875 0.3734375 0.00703125 0.0046875
6 0.29765625 0.396875 0.00859375 0.00546875
23 0.28046875 0.21953125 0.00703125 0.0046875
4 0.25625 0.3828125 0.0140625 0.0046875
11 0.26875 0.40703125 0.01875 0.00546875
13 0.26015625 0.39140625 0.01015625 0.00625
17 0.2 0.45234375 0.00703125 0.0046875
0 0.26328125 0.4828125 0.00703125 0.0046875
24 0.22109375 0.4578125 0.00703125 0.0046875
1 0.24609375 0.46796875 0.00703125 0.00390625
12 0.23203125 0.5015625 0.00625 0.00390625
3 0.28828125 0.5328125 0.00703125 0.0046875
10 0.25625 0.546875 0.00703125 0.0046875
21 0.240625 0.47578125 0.00859375 0.00546875
15 0.29375 0.5765625 0.00703125 0.0046875
9 0.33671875 0.6015625 0.00703125 0.00390625
16 0.5453125 0.41015625 0.01171875 0.00703125
19 0.58671875 0.39296875 0.01171875 0.00703125
20 0.559375 0.50234375 0.01171875 0.0078125
7 0.3203125 0.36796875 0.0078125 0.00546875
8 0.22890625 0.35 0.00703125 0.0046875
2 0.22734375 0.4734375 0.0078125 0.00546875