8 0.2359375 0.3453125 0.01171875 0.0078125
6 0.2953125 0.3875 0.0125 0.0078125
23 0.30390625 0.21171875 0.01171875 0.00703125
4 0.253125 0.37890625 0.021875 0.00546875
11 0.26640625 0.39765625 0.02578125 0.00546875
13 0.26328125 0.3875 0.01015625 0.00625
17 0.17265625 0.4390625 0.00703125 0.00390625
24 0.2015625 0.446875 0.00703125 0.00390625
12 0.196875 0.49140625 0.00703125 0.0046875
1 0.22578125 0.45546875 0.00703125 0.0046875
10 0.221875 0.53828125 0.00625 0.00390625
3 0.2484375 0.52578125 0.00703125 0.00390625
15 0.23828125 0.5703125 0.00703125 0.00546875
21 0.21796875 0.465625 0.00703125 0.00390625
9 0.27109375 0.59375 0.00625 0.00390625
16 0.54765625 0.40390625 0.01171875 0.0078125
22 0.26015625 0.3671875 0.0234375 0.00390625
0 0.23359375 0.47421875 0.00625 0.00390625
7 0.3484375 0.3609375 0.01171875 0.0078125
14 0.23671875 0.3578125 0.01171875 0.0078125
2 0.1921875 0.459375 0.00703125 0.00390625
20 0.55625 0.50625 0.01171875 0.00703125
19 0.60390625 0.3859375 0.01171875 0.00703125