23 0.68671875 0.23046875 0.01328125 0.009375
14 0.734375 0.36796875 0.01171875 0.0078125
22 0.6984375 0.3625 0.0203125 0.0046875
6 0.65859375 0.3890625 0.01171875 0.0078125
13 0.696875 0.3859375 0.00859375 0.01484375
4 0.70390625 0.3765625 0.02109375 0.00546875
11 0.69609375 0.39609375 0.0203125 0.0046875
17 0.7984375 0.44453125 0.01171875 0.0078125
0 0.7296875 0.4703125 0.01171875 0.009375
21 0.76015625 0.4703125 0.01171875 0.00859375
24 0.76875 0.446875 0.01171875 0.0078125
1 0.73984375 0.4546875 0.01171875 0.0078125
12 0.76953125 0.496875 0.01171875 0.00859375
10 0.75 0.53671875 0.01171875 0.0078125
3 0.71171875 0.525 0.01171875 0.0078125
15 0.7390625 0.57109375 0.01171875 0.0078125
9 0.70703125 0.59140625 0.01171875 0.00859375
16 0.41171875 0.4171875 0.01171875 0.0078125
19 0.35703125 0.4 0.01171875 0.0078125
20 0.4375 0.528125 0.01171875 0.0078125
8 0.73828125 0.346875 0.01171875 0.00859375
2 0.778125 0.4625 0.01171875 0.0078125
7 0.6390625 0.353125 0.01171875 0.0078125