23 0.37890625 0.20625 0.009375 0.0140625
8 0.353125 0.3953125 0.01015625 0.01328125
14 0.365625 0.44609375 0.01015625 0.01484375
6 0.42421875 0.45 0.00703125 0.01015625
4 0.39609375 0.4328125 0.01875 0.00625
11 0.40078125 0.46328125 0.01640625 0.00859375
13 0.39765625 0.446875 0.0125 0.0328125
17 0.32421875 0.5640625 0.00703125 0.01015625
24 0.34453125 0.56171875 0.0078125 0.0125
1 0.36484375 0.5765625 0.00703125 0.01171875
0 0.3734375 0.6046875 0.00703125 0.01171875
12 0.34765625 0.64609375 0.00625 0.00859375
3 0.39375 0.68359375 0.00625 0.009375
10 0.3671875 0.709375 0.00546875 0.00703125
21 0.35390625 0.60703125 0.00703125 0.01015625
15 0.38671875 0.7703125 0.00625 0.0109375
9 0.41328125 0.796875 0.0078125 0.01171875
16 0.5953125 0.43359375 0.0109375 0.0140625
19 0.6328125 0.38984375 0.01015625 0.0140625
20 0.5984375 0.63671875 0.01171875 0.01484375
22 0.396875 0.42265625 0.0203125 0.01015625
7 0.43984375 0.38828125 0.01015625 0.01328125
2 0.3390625 0.5984375 0.0078125 0.01015625