8 0.7171875 0.35 0.009375 0.00546875
14 0.71328125 0.36875 0.0078125 0.0046875
22 0.671875 0.36171875 0.01953125 0.00390625
6 0.62890625 0.378125 0.0078125 0.00546875
13 0.6640625 0.375 0.00703125 0.0046875
4 0.66953125 0.3671875 0.0203125 0.00390625
11 0.65703125 0.38515625 0.01796875 0.003125
17 0.753125 0.4375 0.00859375 0.00546875
0 0.69296875 0.45859375 0.009375 0.00546875
1 0.70078125 0.446875 0.00859375 0.00546875
24 0.7296875 0.44140625 0.0078125 0.00546875
21 0.7171875 0.45703125 0.00859375 0.00546875
12 0.72421875 0.4796875 0.00859375 0.00546875
3 0.67109375 0.5078125 0.0078125 0.00546875
10 0.70234375 0.515625 0.00859375 0.00546875
19 0.375 0.36640625 0.0109375 0.00703125
20 0.41015625 0.471875 0.01015625 0.00703125
16 0.4125 0.3796875 0.0109375 0.00625
15 0.69375 0.540625 0.0078125 0.00546875
9 0.6671875 0.56484375 0.009375 0.00546875
2 0.7328125 0.4546875 0.0078125 0.00546875
7 0.60859375 0.34453125 0.009375 0.00546875
23 0.68125 0.24296875 0.009375 0.00546875