23 0.7203125 0.24140625 0.00859375 0.00625
14 0.7328125 0.3953125 0.01015625 0.00625
6 0.63515625 0.40703125 0.01015625 0.00703125
4 0.6875 0.3953125 0.0203125 0.00390625
13 0.6828125 0.403125 0.0109375 0.00625
11 0.67265625 0.41640625 0.0203125 0.00390625
17 0.77421875 0.46875 0.01015625 0.00625
16 0.378125 0.4234375 0.009375 0.00625
24 0.73671875 0.475 0.01015625 0.00625
1 0.70703125 0.48046875 0.01015625 0.00625
0 0.690625 0.49453125 0.01015625 0.00625
21 0.72421875 0.48828125 0.01015625 0.00625
12 0.7390625 0.51484375 0.01015625 0.00625
3 0.675 0.5515625 0.01015625 0.00625
10 0.72109375 0.56015625 0.01015625 0.00703125
15 0.69765625 0.59296875 0.00859375 0.00625
9 0.659375 0.61484375 0.00859375 0.00625
20 0.396875 0.528125 0.009375 0.00625
19 0.33125 0.4078125 0.009375 0.00546875
8 0.73984375 0.3578125 0.01015625 0.00703125
7 0.61015625 0.371875 0.00859375 0.00625
22 0.68828125 0.39140625 0.0203125 0.00390625
2 0.73828125 0.4875 0.01015625 0.00625