23 0.8609375 0.2265625 0.00859375 0.00625
8 0.878125 0.346875 0.0125 0.00859375
14 0.86171875 0.37734375 0.01171875 0.00703125
22 0.84453125 0.3703125 0.01484375 0.00625
6 0.79765625 0.39765625 0.00859375 0.00546875
13 0.8296875 0.39375 0.00703125 0.00625
4 0.8453125 0.3828125 0.01796875 0.00546875
11 0.82265625 0.4015625 0.015625 0.0046875
17 0.925 0.45859375 0.009375 0.00625
0 0.85234375 0.49609375 0.01015625 0.00625
1 0.8703125 0.48046875 0.00859375 0.00546875
24 0.9015625 0.47109375 0.01015625 0.00625
21 0.88046875 0.4875 0.01015625 0.00546875
12 0.89921875 0.52578125 0.009375 0.00625
3 0.834375 0.55859375 0.01015625 0.00546875
10 0.8734375 0.56953125 0.01171875 0.00703125
18 0.88203125 0.4046875 0.00859375 0.00625
15 0.840625 0.60703125 0.009375 0.00625
9 0.803125 0.6359375 0.01171875 0.00703125
20 0.49765625 0.55078125 0.0140625 0.009375
19 0.43828125 0.39296875 0.01171875 0.00703125
16 0.48828125 0.4171875 0.01171875 0.00703125
2 0.90390625 0.48046875 0.009375 0.00546875
7 0.76171875 0.35703125 0.01328125 0.00859375