23 0.62734375 0.2109375 0.01171875 0.0078125
14 0.653125 0.35625 0.01171875 0.00859375
6 0.59453125 0.365625 0.00703125 0.0046875
13 0.61953125 0.3640625 0.00859375 0.0046875
4 0.6234375 0.35859375 0.0203125 0.0046875
11 0.6171875 0.37265625 0.0203125 0.0046875
17 0.7140625 0.4234375 0.01171875 0.0078125
0 0.653125 0.4515625 0.01171875 0.0078125
21 0.67109375 0.44921875 0.01171875 0.0078125
24 0.68359375 0.42734375 0.01171875 0.0078125
1 0.6609375 0.4390625 0.01171875 0.00859375
12 0.6828125 0.4734375 0.01171875 0.0078125
10 0.6578125 0.51796875 0.01171875 0.0078125
3 0.62734375 0.503125 0.01171875 0.00859375
15 0.64296875 0.546875 0.01171875 0.0078125
9 0.60625 0.56796875 0.01171875 0.0078125
16 0.35078125 0.3796875 0.01171875 0.0078125
19 0.3125 0.3640625 0.01171875 0.0078125
8 0.66484375 0.328125 0.01015625 0.009375
20 0.36484375 0.478125 0.01171875 0.0078125
7 0.578125 0.328125 0.01171875 0.0078125
2 0.6921875 0.440625 0.01171875 0.0078125