23 0.79296875 0.1953125 0.00859375 0.0046875
8 0.83984375 0.3328125 0.00859375 0.0046875
14 0.8328125 0.35546875 0.01015625 0.00703125
6 0.75546875 0.38671875 0.01015625 0.00703125
4 0.8015625 0.3734375 0.0203125 0.00546875
13 0.7984375 0.38203125 0.00859375 0.00546875
11 0.7828125 0.396875 0.028125 0.00546875
17 0.8671875 0.44296875 0.01015625 0.00625
16 0.49140625 0.4015625 0.0078125 0.00546875
24 0.84296875 0.453125 0.01015625 0.00625
1 0.8109375 0.459375 0.01015625 0.00625
0 0.79609375 0.47421875 0.01015625 0.00625
21 0.825 0.4671875 0.01015625 0.00703125
12 0.8328125 0.49296875 0.01015625 0.00625
3 0.77578125 0.525 0.01015625 0.00625
10 0.81015625 0.534375 0.01015625 0.00625
15 0.759375 0.5734375 0.00625 0.00390625
9 0.7109375 0.5953125 0.0078125 0.00546875
20 0.48671875 0.496875 0.00625 0.0046875
2 0.840625 0.4640625 0.01015625 0.00703125
7 0.72890625 0.36015625 0.00859375 0.0046875
19 0.44296875 0.38828125 0.015625 0.009375