14 0.8140625 0.43984375 0.01171875 0.00859375
22 0.7859375 0.44296875 0.0203125 0.0046875
6 0.74375 0.4578125 0.01171875 0.0078125
4 0.7890625 0.4484375 0.0140625 0.0078125
11 0.775 0.4671875 0.01796875 0.00625
17 0.8578125 0.525 0.01171875 0.0078125
0 0.79765625 0.5515625 0.01171875 0.0078125
21 0.8125 0.5484375 0.00859375 0.00625
24 0.83828125 0.53046875 0.01171875 0.0078125
1 0.80859375 0.5359375 0.01171875 0.0078125
12 0.828125 0.575 0.01171875 0.0078125
10 0.7984375 0.6140625 0.01171875 0.0078125
3 0.7609375 0.60078125 0.01171875 0.0078125
15 0.79453125 0.6421875 0.01171875 0.0078125
9 0.76015625 0.66796875 0.01171875 0.0078125
16 0.50078125 0.45625 0.01171875 0.0078125
19 0.47265625 0.44453125 0.01171875 0.0078125
20 0.47734375 0.56484375 0.01484375 0.00859375
8 0.815625 0.42109375 0.01015625 0.00859375
7 0.72109375 0.42265625 0.01171875 0.00859375
23 0.809375 0.32265625 0.01171875 0.00859375
2 0.8359375 0.54609375 0.01171875 0.0078125