23 0.3515625 0.19296875 0.00546875 0.00859375
8 0.32578125 0.33203125 0.00703125 0.01015625
14 0.32890625 0.375 0.00625 0.00859375
22 0.34296875 0.3546875 0.00859375 0.00625
4 0.33828125 0.3671875 0.0109375 0.00703125
11 0.34921875 0.3984375 0.0109375 0.00859375
6 0.3625 0.3859375 0.00625 0.01015625
13 0.346875 0.38046875 0.00625 0.00859375
17 0.29921875 0.46640625 0.00625 0.009375
24 0.31328125 0.471875 0.00625 0.009375
1 0.32734375 0.48671875 0.00625 0.0078125
0 0.33203125 0.5046875 0.00546875 0.00859375
21 0.3234375 0.50234375 0.0046875 0.0078125
12 0.31875 0.53515625 0.00625 0.0078125
3 0.34765625 0.571875 0.00546875 0.0078125
10 0.33515625 0.584375 0.0046875 0.00703125
15 0.3453125 0.6296875 0.00625 0.00859375
9 0.3671875 0.65625 0.00625 0.00859375
19 0.5453125 0.375 0.00703125 0.00859375
16 0.515625 0.38828125 0.00546875 0.00859375
20 0.509375 0.55078125 0.00546875 0.0078125
7 0.378125 0.334375 0.00703125 0.01015625
2 0.31015625 0.4890625 0.00546875 0.0078125