23 0.77734375 0.18125 0.0203125 0.0125
8 0.79453125 0.34296875 0.01875 0.0125
14 0.78359375 0.375 0.01953125 0.01171875
6 0.6375 0.384375 0.01875 0.01171875
17 0.846875 0.4703125 0.01640625 0.0125
24 0.81875 0.47578125 0.01640625 0.0125
1 0.771875 0.48125 0.01640625 0.0125
0 0.7609375 0.50546875 0.01640625 0.0125
21 0.79609375 0.50234375 0.01640625 0.0125
12 0.803125 0.53828125 0.01640625 0.0125
3 0.7109375 0.57265625 0.01640625 0.0125
10 0.7875 0.58984375 0.01640625 0.0125
15 0.76875 0.6390625 0.01640625 0.0125
9 0.7125 0.675 0.01640625 0.0125
16 0.31328125 0.403125 0.01640625 0.0125
19 0.24453125 0.38046875 0.01640625 0.0125
20 0.3359375 0.54765625 0.01640625 0.0125
22 0.73046875 0.35625 0.02734375 0.00546875
4 0.7265625 0.36328125 0.0265625 0.00625
11 0.715625 0.39375 0.0265625 0.00703125
13 0.72734375 0.3765625 0.015625 0.01015625
7 0.6265625 0.32734375 0.0203125 0.0125
2 0.81875 0.49609375 0.01640625 0.0125