23 0.54921875 0.07578125 0.00390625 0.00546875
8 0.59609375 0.27109375 0.00390625 0.00546875
14 0.5921875 0.29609375 0.0046875 0.00625
6 0.53984375 0.31484375 0.0046875 0.00703125
4 0.5671875 0.30078125 0.0109375 0.00703125
11 0.559375 0.3296875 0.01171875 0.00546875
13 0.56015625 0.31484375 0.003125 0.00546875
17 0.621875 0.4078125 0.00390625 0.00625
24 0.609375 0.41171875 0.00390625 0.00546875
1 0.5875 0.4234375 0.00390625 0.00546875
0 0.58125 0.43984375 0.00390625 0.00625
21 0.59765625 0.4390625 0.00390625 0.00546875
12 0.603125 0.47265625 0.00390625 0.00625
3 0.56640625 0.5046875 0.00390625 0.00546875
10 0.58984375 0.5265625 0.00390625 0.00546875
15 0.5765625 0.5609375 0.0046875 0.00703125
9 0.55390625 0.5921875 0.0046875 0.00703125
16 0.3875 0.2828125 0.0046875 0.0078125
19 0.3625 0.25703125 0.00546875 0.00703125
20 0.3921875 0.44921875 0.00546875 0.0078125
7 0.52421875 0.253125 0.0046875 0.00703125
2 0.60859375 0.43203125 0.00390625 0.00625
22 0.56640625 0.290625 0.0125 0.00859375