23 0.3984375 0.0921875 0.00390625 0.00703125
8 0.3484375 0.259375 0.00390625 0.00625
14 0.35 0.28671875 0.00546875 0.0078125
6 0.38125 0.30703125 0.00546875 0.00703125
4 0.36328125 0.29375 0.0140625 0.0078125
11 0.365625 0.3203125 0.0109375 0.00703125
13 0.3671875 0.30390625 0.00390625 0.0046875
17 0.31640625 0.38515625 0.00625 0.009375
24 0.3296875 0.38671875 0.00546875 0.0078125
1 0.33984375 0.4 0.00546875 0.0078125
0 0.346875 0.41875 0.00625 0.00859375
12 0.33046875 0.446875 0.00625 0.00859375
3 0.35703125 0.47890625 0.00625 0.009375
10 0.33984375 0.49765625 0.00625 0.00859375
21 0.33671875 0.4171875 0.00546875 0.0078125
15 0.35234375 0.54296875 0.00546875 0.0078125
9 0.36484375 0.56484375 0.00546875 0.00703125
20 0.509375 0.4609375 0.0046875 0.00703125
16 0.51484375 0.3078125 0.00546875 0.0078125
19 0.5375 0.28203125 0.0046875 0.00625
2 0.3265625 0.4078125 0.00625 0.00859375
22 0.36640625 0.28359375 0.01484375 0.00703125
7 0.3984375 0.25546875 0.0046875 0.00703125