14 0.17109375 0.37421875 0.01171875 0.0078125
6 0.22890625 0.38984375 0.0125 0.0078125
23 0.1984375 0.2203125 0.01171875 0.00703125
4 0.190625 0.3734375 0.0140625 0.00546875
11 0.203125 0.39921875 0.01796875 0.0046875
13 0.19765625 0.38671875 0.01015625 0.00625
17 0.12578125 0.4515625 0.009375 0.00625
24 0.14921875 0.45546875 0.00703125 0.00390625
12 0.15859375 0.50078125 0.01015625 0.00546875
3 0.20625 0.534375 0.00703125 0.00390625
10 0.1859375 0.54921875 0.00703125 0.00390625
21 0.16796875 0.47421875 0.01015625 0.00625
15 0.21640625 0.57734375 0.00625 0.00390625
16 0.49609375 0.390625 0.01171875 0.00703125
19 0.53359375 0.375 0.01171875 0.0078125
20 0.50234375 0.48203125 0.01171875 0.00703125
22 0.19296875 0.3640625 0.01875 0.00546875
1 0.175 0.465625 0.00703125 0.00390625
0 0.18828125 0.48046875 0.01015625 0.00546875
9 0.25078125 0.5953125 0.00703125 0.00390625
7 0.23125 0.359375 0.01171875 0.00703125
8 0.1625 0.34921875 0.01171875 0.00703125
2 0.15390625 0.46953125 0.01015625 0.00625