23 0.23515625 0.28828125 0.01640625 0.0078125
8 0.21640625 0.390625 0.0109375 0.00859375
14 0.22265625 0.40625 0.01015625 0.00625
6 0.26875 0.42890625 0.0140625 0.00703125
17 0.165625 0.47734375 0.0078125 0.00390625
24 0.19453125 0.484375 0.0125 0.0078125
1 0.2203125 0.48984375 0.0109375 0.00703125
0 0.2296875 0.503125 0.00703125 0.00390625
21 0.21171875 0.49921875 0.01171875 0.0078125
12 0.19375 0.51640625 0.00859375 0.00625
3 0.234375 0.54921875 0.00859375 0.00546875
10 0.215625 0.5609375 0.01015625 0.00546875
15 0.2296875 0.584375 0.00859375 0.00625
9 0.27890625 0.6109375 0.00859375 0.00625
16 0.48125 0.434375 0.0125 0.00703125
19 0.5265625 0.4078125 0.01640625 0.0125
20 0.48828125 0.51953125 0.01640625 0.0125
4 0.2375 0.4171875 0.02265625 0.00546875
11 0.24921875 0.43046875 0.02421875 0.00546875
13 0.24609375 0.42421875 0.01484375 0.009375
2 0.184375 0.49296875 0.01171875 0.00703125
7 0.27109375 0.403125 0.0109375 0.00703125