23 0.73984375 0.26953125 0.00859375 0.0046875
14 0.765625 0.4 0.01015625 0.00703125
6 0.70234375 0.4125 0.01015625 0.00703125
4 0.7375 0.4015625 0.0171875 0.00546875
13 0.7359375 0.41171875 0.0078125 0.00546875
11 0.72578125 0.421875 0.01484375 0.003125
17 0.8015625 0.471875 0.01015625 0.00625
16 0.471875 0.40859375 0.00859375 0.00546875
24 0.76640625 0.47890625 0.01015625 0.00625
1 0.74921875 0.48515625 0.01015625 0.00625
0 0.73984375 0.49921875 0.01015625 0.00703125
12 0.7703125 0.52265625 0.01015625 0.00625
3 0.73125 0.54921875 0.01015625 0.00625
10 0.75546875 0.56484375 0.01015625 0.00703125
15 0.73515625 0.5984375 0.00859375 0.00546875
9 0.69609375 0.62265625 0.00859375 0.00625
20 0.46796875 0.5125 0.0078125 0.00546875
19 0.4265625 0.3921875 0.00859375 0.00546875
8 0.76640625 0.36640625 0.00859375 0.00546875
22 0.7328125 0.38984375 0.01875 0.00546875
21 0.75390625 0.49375 0.01015625 0.00625
2 0.77890625 0.4890625 0.01015625 0.00625
7 0.6625 0.378125 0.0078125 0.00546875