23 0.74375 0.2015625 0.01328125 0.00859375
14 0.77265625 0.328125 0.01171875 0.00859375
22 0.740625 0.33515625 0.02421875 0.0046875
6 0.690625 0.35625 0.0125 0.0078125
13 0.7359375 0.35 0.0125 0.0109375
4 0.73828125 0.340625 0.0171875 0.00546875
11 0.728125 0.36640625 0.02265625 0.00625
17 0.8328125 0.41953125 0.01171875 0.0078125
0 0.7625 0.446875 0.01171875 0.0078125
21 0.7875 0.44375 0.01171875 0.0078125
24 0.796875 0.41875 0.01171875 0.0078125
1 0.7734375 0.43046875 0.0140625 0.01015625
12 0.79609375 0.475 0.01171875 0.0078125
10 0.7765625 0.51796875 0.01171875 0.0078125
3 0.73359375 0.5015625 0.01328125 0.01015625
15 0.76171875 0.540625 0.0140625 0.009375
9 0.703125 0.57578125 0.01640625 0.01015625
16 0.40625 0.37421875 0.01171875 0.00703125
20 0.4390625 0.49921875 0.01171875 0.00703125
8 0.77421875 0.31171875 0.01171875 0.00859375
2 0.80546875 0.4390625 0.01171875 0.00859375
8 0.65234375 0.31796875 0.01171875 0.0078125