23 0.5671875 0.20625 0.01015625 0.01328125
6 0.54375 0.39765625 0.00703125 0.0125
14 0.5765625 0.39296875 0.00546875 0.00859375
13 0.5578125 0.3921875 0.00625 0.01171875
4 0.56328125 0.38515625 0.015625 0.00703125
11 0.5546875 0.40234375 0.0140625 0.00703125
8 0.5796875 0.35859375 0.01015625 0.01328125
17 0.603125 0.47421875 0.00546875 0.01015625
24 0.59296875 0.47578125 0.00625 0.0109375
1 0.5765625 0.48359375 0.00546875 0.00859375
0 0.57109375 0.50078125 0.00703125 0.0109375
21 0.58125 0.50390625 0.00546875 0.00859375
12 0.58359375 0.5421875 0.00625 0.01015625
3 0.55625 0.56015625 0.00625 0.0109375
10 0.57421875 0.5796875 0.00546875 0.00859375
15 0.56171875 0.61484375 0.00703125 0.01015625
9 0.54296875 0.646875 0.00859375 0.01015625
16 0.41953125 0.3984375 0.0078125 0.00859375
19 0.3921875 0.36796875 0.00625 0.0078125
20 0.40859375 0.5171875 0.009375 0.01328125
7 0.540625 0.35546875 0.01015625 0.01328125
2 0.5921875 0.496875 0.00625 0.00859375