14 0.2234375 0.3765625 0.01171875 0.00703125
6 0.28125 0.3921875 0.0078125 0.00625
23 0.240625 0.23671875 0.0125 0.00703125
4 0.25 0.38125 0.0140625 0.0046875
11 0.26328125 0.4 0.02578125 0.00390625
13 0.2578125 0.390625 0.00859375 0.00546875
17 0.17734375 0.4421875 0.01015625 0.00546875
24 0.19765625 0.44609375 0.01015625 0.00546875
12 0.21484375 0.4953125 0.01015625 0.00546875
1 0.2265625 0.45625 0.00859375 0.00546875
10 0.23828125 0.528125 0.01015625 0.00546875
3 0.2625 0.51953125 0.01171875 0.0078125
15 0.259375 0.5640625 0.0109375 0.00703125
21 0.221875 0.46796875 0.00859375 0.00546875
9 0.29296875 0.58046875 0.01015625 0.00703125
16 0.52734375 0.4 0.01171875 0.0078125
22 0.25 0.36796875 0.0234375 0.00390625
0 0.240625 0.47109375 0.00703125 0.0046875
19 0.565625 0.38046875 0.01171875 0.00703125
20 0.51640625 0.51015625 0.01171875 0.0078125
2 0.19921875 0.46171875 0.009375 0.00546875
8 0.21875 0.35078125 0.01171875 0.0078125
7 0.2953125 0.35625 0.01171875 0.0078125