23 0.77734375 0.2828125 0.0078125 0.00546875
14 0.784375 0.434375 0.01015625 0.00703125
6 0.725 0.43671875 0.01015625 0.00703125
4 0.76484375 0.428125 0.0171875 0.00546875
13 0.75703125 0.43671875 0.00859375 0.00625
11 0.75078125 0.45 0.01640625 0.003125
17 0.81796875 0.5125 0.01015625 0.00625
16 0.46015625 0.409375 0.015625 0.009375
24 0.784375 0.5171875 0.01015625 0.00625
1 0.7625 0.52421875 0.01015625 0.00625
0 0.75234375 0.53515625 0.01015625 0.00625
21 0.7734375 0.53125 0.01015625 0.00625
12 0.778125 0.5578125 0.01015625 0.00625
3 0.73203125 0.58984375 0.01015625 0.00625
10 0.74765625 0.60390625 0.01015625 0.00625
15 0.70859375 0.63046875 0.0078125 0.0046875
9 0.6734375 0.64765625 0.00625 0.00390625
20 0.43203125 0.503125 0.015625 0.009375
19 0.40546875 0.3859375 0.015625 0.009375
2 0.78984375 0.528125 0.01015625 0.00625
22 0.76484375 0.421875 0.0171875 0.00546875
8 0.796875 0.40546875 0.00859375 0.00625
7 0.73203125 0.4109375 0.009375 0.00546875