23 0.24296875 0.27890625 0.0125 0.00859375
8 0.19921875 0.38359375 0.01015625 0.00625
14 0.2 0.40859375 0.0109375 0.0078125
6 0.28046875 0.4234375 0.01015625 0.00546875
4 0.24375 0.41171875 0.034375 0.00703125
11 0.25234375 0.43046875 0.02421875 0.00625
13 0.2484375 0.41953125 0.01015625 0.0078125
17 0.15390625 0.4734375 0.0109375 0.0078125
24 0.18515625 0.47578125 0.01171875 0.0078125
1 0.2 0.48203125 0.0125 0.0078125
0 0.21328125 0.49296875 0.01015625 0.00703125
12 0.184375 0.52265625 0.01171875 0.00625
3 0.23359375 0.54375 0.009375 0.0078125
10 0.2 0.553125 0.00859375 0.00546875
21 0.19453125 0.49375 0.01171875 0.0078125
15 0.22265625 0.59140625 0.0125 0.00703125
9 0.253125 0.6046875 0.01171875 0.00546875
16 0.5171875 0.43984375 0.01484375 0.009375
19 0.57734375 0.42265625 0.01796875 0.00859375
20 0.509375 0.51484375 0.015625 0.01015625
22 0.24609375 0.40234375 0.0359375 0.00703125
7 0.29453125 0.390625 0.01015625 0.00625
2 0.17734375 0.48984375 0.01171875 0.0078125